t [s] || setpoint level [cm] || tank level [cm] || initial flow u0 [ml.s^-1] || command PI (du) [ml.s^-1]
0,000000E+0	18,500000E+0	1,325806E+0	30,000000E+0	480,877419E+0
100,000000E-3	18,500000E+0	1,136559E+0	30,000000E+0	618,270968E+0
200,000000E-3	18,500000E+0	1,170968E+0	30,000000E+0	760,963441E+0
300,000000E-3	18,500000E+0	1,411828E+0	30,000000E+0	898,907527E+0
400,000000E-3	18,500000E+0	1,308602E+0	30,000000E+0	1,030796E+3
500,000000E-3	18,500000E+0	1,325806E+0	30,000000E+0	1,170391E+3
600,000000E-3	18,500000E+0	1,325806E+0	30,000000E+0	1,307441E+3
700,000000E-3	18,500000E+0	1,755914E+0	30,000000E+0	1,444834E+3
800,000000E-3	18,500000E+0	1,893548E+0	30,000000E+0	1,570185E+3
900,000000E-3	18,500000E+0	1,790323E+0	30,000000E+0	1,700284E+3
1,000000E+0	18,500000E+0	2,065591E+0	30,000000E+0	1,836026E+3
1,100000E+0	18,500000E+0	2,426882E+0	30,000000E+0	1,961996E+3
1,200000E+0	18,500000E+0	2,650538E+0	30,000000E+0	2,083355E+3
1,300000E+0	18,500000E+0	3,011828E+0	30,000000E+0	2,205677E+3
1,400000E+0	18,500000E+0	3,269892E+0	30,000000E+0	2,322357E+3
1,500000E+0	18,500000E+0	3,407527E+0	30,000000E+0	2,439037E+3
1,600000E+0	18,500000E+0	3,820430E+0	30,000000E+0	2,557024E+3
1,700000E+0	18,500000E+0	4,009677E+0	30,000000E+0	2,666202E+3
1,800000E+0	18,500000E+0	4,302151E+0	30,000000E+0	2,778340E+3
1,900000E+0	18,500000E+0	4,715054E+0	30,000000E+0	2,886073E+3
2,000000E+0	18,500000E+0	4,525806E+0	30,000000E+0	2,988095E+3
2,100000E+0	18,500000E+0	4,508602E+0	30,000000E+0	3,103673E+3
2,200000E+0	18,500000E+0	5,196774E+0	30,000000E+0	3,215948E+3
2,300000E+0	18,500000E+0	5,231183E+0	30,000000E+0	3,308611E+3
2,400000E+0	18,500000E+0	5,644086E+0	30,000000E+0	3,414073E+3
2,500000E+0	18,500000E+0	5,437634E+0	30,000000E+0	3,508662E+3
2,600000E+0	18,500000E+0	5,970968E+0	30,000000E+0	3,617290E+3
2,700000E+0	18,500000E+0	6,246237E+0	30,000000E+0	3,706856E+3
2,800000E+0	18,500000E+0	6,229032E+0	30,000000E+0	3,799381E+3
2,900000E+0	18,500000E+0	6,762366E+0	30,000000E+0	3,897892E+3
3,000000E+0	18,500000E+0	6,900000E+0	30,000000E+0	3,981127E+3
3,100000E+0	18,500000E+0	7,140860E+0	30,000000E+0	4,071174E+3
3,200000E+0	18,500000E+0	7,295699E+0	30,000000E+0	4,157230E+3
3,300000E+0	18,500000E+0	7,502151E+0	30,000000E+0	4,243768E+3
3,400000E+0	18,500000E+0	7,794624E+0	30,000000E+0	4,327622E+3
3,500000E+0	18,500000E+0	8,138710E+0	30,000000E+0	4,407415E+3
3,600000E+0	18,500000E+0	8,069892E+0	30,000000E+0	4,483424E+3
3,700000E+0	18,500000E+0	8,396774E+0	30,000000E+0	4,568241E+3
3,800000E+0	18,500000E+0	8,672043E+0	30,000000E+0	4,642529E+3
3,900000E+0	18,500000E+0	8,912903E+0	30,000000E+0	4,715647E+3
4,000000E+0	18,500000E+0	8,861290E+0	30,000000E+0	4,787527E+3
4,100000E+0	18,500000E+0	9,153763E+0	30,000000E+0	4,865669E+3
4,200000E+0	18,500000E+0	9,411828E+0	30,000000E+0	4,934589E+3
4,300000E+0	18,500000E+0	9,790323E+0	30,000000E+0	5,002133E+3
4,400000E+0	18,500000E+0	9,773118E+0	30,000000E+0	5,064241E+3
4,500000E+0	18,500000E+0	10,031183E+0	30,000000E+0	5,134400E+3
4,600000E+0	18,500000E+0	10,306452E+0	30,000000E+0	5,196989E+3
4,700000E+0	18,500000E+0	10,581720E+0	30,000000E+0	5,257032E+3
4,800000E+0	18,500000E+0	10,650538E+0	30,000000E+0	5,314873E+3
4,900000E+0	18,500000E+0	11,046237E+0	30,000000E+0	5,376292E+3
5,000000E+0	18,500000E+0	11,029032E+0	30,000000E+0	5,428009E+3
5,100000E+0	18,500000E+0	11,183871E+0	30,000000E+0	5,488120E+3
5,200000E+0	18,500000E+0	11,631183E+0	30,000000E+0	5,543553E+3
5,300000E+0	18,500000E+0	11,837634E+0	30,000000E+0	5,589557E+3
5,400000E+0	18,500000E+0	11,803226E+0	30,000000E+0	5,638727E+3
5,500000E+0	18,500000E+0	12,026882E+0	30,000000E+0	5,692989E+3
5,600000E+0	18,500000E+0	12,284946E+0	30,000000E+0	5,740301E+3
5,700000E+0	18,500000E+0	12,353763E+0	30,000000E+0	5,784860E+3
5,800000E+0	18,500000E+0	12,732258E+0	30,000000E+0	5,832654E+3
5,900000E+0	18,500000E+0	12,904301E+0	30,000000E+0	5,871226E+3
6,000000E+0	18,500000E+0	13,007527E+0	30,000000E+0	5,912551E+3
6,100000E+0	18,500000E+0	13,179570E+0	30,000000E+0	5,954426E+3
6,200000E+0	18,500000E+0	13,609677E+0	30,000000E+0	5,993548E+3
6,300000E+0	18,500000E+0	13,661290E+0	30,000000E+0	6,024069E+3
6,400000E+0	18,500000E+0	13,454839E+0	30,000000E+0	6,061746E+3
6,500000E+0	18,500000E+0	14,005376E+0	30,000000E+0	6,106237E+3
6,600000E+0	18,500000E+0	14,280645E+0	30,000000E+0	6,131183E+3
6,700000E+0	18,500000E+0	14,418280E+0	30,000000E+0	6,159432E+3
6,800000E+0	18,500000E+0	14,624731E+0	30,000000E+0	6,189333E+3
6,900000E+0	18,500000E+0	14,727957E+0	30,000000E+0	6,216206E+3
7,000000E+0	18,500000E+0	15,226882E+0	30,000000E+0	6,244318E+3
7,100000E+0	18,500000E+0	15,106452E+0	30,000000E+0	6,260525E+3
7,200000E+0	18,500000E+0	15,330108E+0	30,000000E+0	6,290082E+3
7,300000E+0	18,500000E+0	15,588172E+0	30,000000E+0	6,310968E+3
7,400000E+0	18,500000E+0	15,846237E+0	30,000000E+0	6,329101E+3
7,500000E+0	18,500000E+0	16,001075E+0	30,000000E+0	6,345170E+3
7,600000E+0	18,500000E+0	16,121505E+0	30,000000E+0	6,362065E+3
7,700000E+0	18,500000E+0	16,413978E+0	30,000000E+0	6,378684E+3
7,800000E+0	18,500000E+0	16,327957E+0	30,000000E+0	6,389523E+3
7,900000E+0	18,500000E+0	16,620430E+0	30,000000E+0	6,408619E+3
8,000000E+0	18,500000E+0	16,706452E+0	30,000000E+0	6,417806E+3
8,100000E+0	18,500000E+0	16,947312E+0	30,000000E+0	6,430434E+3
8,200000E+0	18,500000E+0	17,119355E+0	30,000000E+0	6,438039E+3
8,300000E+0	18,500000E+0	17,256989E+0	30,000000E+0	6,445643E+3
8,400000E+0	18,500000E+0	17,411828E+0	30,000000E+0	6,452834E+3
8,500000E+0	18,500000E+0	17,669892E+0	30,000000E+0	6,458443E+3
8,600000E+0	18,500000E+0	18,065591E+0	30,000000E+0	6,459923E+3
8,700000E+0	18,500000E+0	18,117204E+0	30,000000E+0	6,455484E+3
8,800000E+0	18,500000E+0	18,392473E+0	30,000000E+0	6,457514E+3
8,900000E+0	18,500000E+0	18,581720E+0	30,000000E+0	6,452869E+3
9,000000E+0	18,500000E+0	18,684946E+0	30,000000E+0	6,448430E+3
9,100000E+0	18,500000E+0	18,770968E+0	30,000000E+0	6,444886E+3
9,200000E+0	18,500000E+0	19,046237E+0	30,000000E+0	6,440998E+3
9,300000E+0	18,500000E+0	19,269892E+0	30,000000E+0	6,431123E+3
9,400000E+0	18,500000E+0	19,493548E+0	30,000000E+0	6,420490E+3
9,500000E+0	18,500000E+0	19,665591E+0	30,000000E+0	6,408069E+3
9,600000E+0	18,500000E+0	19,424731E+0	30,000000E+0	6,395303E+3
9,700000E+0	18,500000E+0	20,284946E+0	30,000000E+0	6,392723E+3
9,800000E+0	18,500000E+0	20,164516E+0	30,000000E+0	6,361239E+3
9,900000E+0	18,500000E+0	20,388172E+0	30,000000E+0	6,350331E+3
10,000000E+0	18,500000E+0	20,732258E+0	30,000000E+0	6,330753E+3
10,100000E+0	18,500000E+0	20,869892E+0	30,000000E+0	6,306013E+3
10,200000E+0	18,500000E+0	21,041935E+0	30,000000E+0	6,284301E+3
10,300000E+0	18,500000E+0	21,162366E+0	30,000000E+0	6,260525E+3
10,400000E+0	18,500000E+0	21,334409E+0	30,000000E+0	6,236817E+3
10,500000E+0	18,500000E+0	21,454839E+0	30,000000E+0	6,210701E+3
10,600000E+0	18,500000E+0	21,816129E+0	30,000000E+0	6,184654E+3
10,700000E+0	18,500000E+0	21,867742E+0	30,000000E+0	6,150899E+3
10,800000E+0	18,500000E+0	22,108602E+0	30,000000E+0	6,122925E+3
10,900000E+0	18,500000E+0	22,125806E+0	30,000000E+0	6,089239E+3
11,000000E+0	18,500000E+0	22,573118E+0	30,000000E+0	6,059888E+3
11,100000E+0	18,500000E+0	22,659140E+0	30,000000E+0	6,018357E+3
11,200000E+0	18,500000E+0	22,710753E+0	30,000000E+0	5,983363E+3
11,300000E+0	18,500000E+0	22,968817E+0	30,000000E+0	5,948645E+3
11,400000E+0	18,500000E+0	23,054839E+0	30,000000E+0	5,907733E+3
11,500000E+0	18,500000E+0	23,330108E+0	30,000000E+0	5,869574E+3
11,600000E+0	18,500000E+0	23,450538E+0	30,000000E+0	5,825428E+3
11,700000E+0	18,500000E+0	23,639785E+0	30,000000E+0	5,783415E+3
11,800000E+0	18,500000E+0	23,743011E+0	30,000000E+0	5,738512E+3
11,900000E+0	18,500000E+0	24,001075E+0	30,000000E+0	5,694503E+3
12,000000E+0	18,500000E+0	24,155914E+0	30,000000E+0	5,645333E+3
12,100000E+0	18,500000E+0	24,413978E+0	30,000000E+0	5,596989E+3
12,200000E+0	18,500000E+0	24,517204E+0	30,000000E+0	5,544516E+3
12,300000E+0	18,500000E+0	24,706452E+0	30,000000E+0	5,494314E+3
12,400000E+0	18,500000E+0	24,775269E+0	30,000000E+0	5,440877E+3
12,500000E+0	18,500000E+0	25,016129E+0	30,000000E+0	5,389299E+3
12,600000E+0	18,500000E+0	25,360215E+0	30,000000E+0	5,332353E+3
12,700000E+0	18,500000E+0	25,411828E+0	30,000000E+0	5,270589E+3
12,800000E+0	18,500000E+0	25,515054E+0	30,000000E+0	5,214262E+3
12,900000E+0	18,500000E+0	25,687097E+0	30,000000E+0	5,156077E+3
13,000000E+0	18,500000E+0	25,876344E+0	30,000000E+0	5,095140E+3
13,100000E+0	18,500000E+0	26,031183E+0	30,000000E+0	5,032344E+3
13,200000E+0	18,500000E+0	26,220430E+0	30,000000E+0	4,968998E+3
13,300000E+0	18,500000E+0	26,289247E+0	30,000000E+0	4,903449E+3
13,400000E+0	18,500000E+0	26,564516E+0	30,000000E+0	4,839759E+3
13,500000E+0	18,500000E+0	26,805376E+0	30,000000E+0	4,769738E+3
13,600000E+0	18,500000E+0	27,063441E+0	30,000000E+0	4,698477E+3
13,700000E+0	18,500000E+0	27,063441E+0	30,000000E+0	4,624809E+3
13,800000E+0	18,500000E+0	27,269892E+0	30,000000E+0	4,556301E+3
13,900000E+0	18,500000E+0	27,355914E+0	30,000000E+0	4,482013E+3
14,000000E+0	18,500000E+0	27,631183E+0	30,000000E+0	4,409445E+3
14,100000E+0	18,500000E+0	27,820430E+0	30,000000E+0	4,330890E+3
14,200000E+0	18,500000E+0	28,026882E+0	30,000000E+0	4,252542E+3
14,300000E+0	18,500000E+0	28,164516E+0	30,000000E+0	4,172198E+3
14,400000E+0	18,500000E+0	28,233333E+0	30,000000E+0	4,092129E+3
14,500000E+0	18,500000E+0	28,474194E+0	30,000000E+0	4,012886E+3
14,600000E+0	18,500000E+0	28,594624E+0	30,000000E+0	3,928275E+3
14,700000E+0	18,500000E+0	28,749462E+0	30,000000E+0	3,845110E+3
14,800000E+0	18,500000E+0	29,127957E+0	30,000000E+0	3,760017E+3
14,900000E+0	18,500000E+0	29,110753E+0	30,000000E+0	3,667424E+3
15,000000E+0	18,500000E+0	29,196774E+0	30,000000E+0	3,582882E+3
15,100000E+0	18,500000E+0	29,506452E+0	30,000000E+0	3,495587E+3
15,200000E+0	18,500000E+0	29,540860E+0	30,000000E+0	3,401342E+3
15,300000E+0	18,500000E+0	29,902151E+0	30,000000E+0	3,312327E+3
15,400000E+0	18,500000E+0	29,936559E+0	30,000000E+0	3,213884E+3
15,500000E+0	18,500000E+0	30,177419E+0	30,000000E+0	3,121703E+3
15,600000E+0	18,500000E+0	30,366667E+0	30,000000E+0	3,023467E+3
15,700000E+0	18,500000E+0	30,469892E+0	30,000000E+0	2,924748E+3
15,800000E+0	18,500000E+0	30,555914E+0	30,000000E+0	2,826925E+3
15,900000E+0	18,500000E+0	30,779570E+0	30,000000E+0	2,728757E+3
16,000000E+0	18,500000E+0	30,831183E+0	30,000000E+0	2,626047E+3
16,100000E+0	18,500000E+0	31,037634E+0	30,000000E+0	2,526366E+3
16,200000E+0	18,500000E+0	31,330108E+0	30,000000E+0	2,421935E+3
16,300000E+0	18,500000E+0	31,261290E+0	30,000000E+0	2,313445E+3
16,400000E+0	18,500000E+0	31,897849E+0	30,000000E+0	2,212731E+3
16,500000E+0	18,500000E+0	31,777419E+0	30,000000E+0	2,092817E+3
16,600000E+0	18,500000E+0	31,863441E+0	30,000000E+0	1,989006E+3
16,700000E+0	18,500000E+0	32,001075E+0	30,000000E+0	1,880378E+3
16,800000E+0	18,500000E+0	32,310753E+0	30,000000E+0	1,769617E+3
16,900000E+0	18,500000E+0	32,448387E+0	30,000000E+0	1,652938E+3
17,000000E+0	18,500000E+0	32,706452E+0	30,000000E+0	1,538598E+3
17,100000E+0	18,500000E+0	32,895699E+0	30,000000E+0	1,419785E+3
17,200000E+0	18,500000E+0	32,878495E+0	30,000000E+0	1,300834E+3
17,300000E+0	18,500000E+0	33,136559E+0	30,000000E+0	1,186151E+3
17,400000E+0	18,500000E+0	33,325806E+0	30,000000E+0	1,063897E+3
17,500000E+0	18,500000E+0	33,343011E+0	30,000000E+0	941,505376E+0
17,600000E+0	18,500000E+0	33,446237E+0	30,000000E+0	822,417204E+0
17,700000E+0	18,500000E+0	33,687097E+0	30,000000E+0	700,782796E+0
17,800000E+0	18,500000E+0	33,910753E+0	30,000000E+0	574,468817E+0
17,900000E+0	18,500000E+0	34,100000E+0	30,000000E+0	446,709677E+0
18,000000E+0	18,500000E+0	34,117204E+0	30,000000E+0	318,124731E+0
18,100000E+0	18,500000E+0	34,254839E+0	30,000000E+0	192,843011E+0
18,200000E+0	18,500000E+0	34,547312E+0	30,000000E+0	64,051613E+0
18,300000E+0	18,500000E+0	34,530108E+0	30,000000E+0	-70,176344E+0
18,400000E+0	18,500000E+0	34,788172E+0	30,000000E+0	-198,073118E+0
18,500000E+0	18,500000E+0	34,925806E+0	30,000000E+0	-333,539785E+0
18,600000E+0	18,500000E+0	34,994624E+0	30,000000E+0	-467,698925E+0
18,700000E+0	18,500000E+0	34,805376E+0	30,000000E+0	-601,032258E+0
18,800000E+0	18,500000E+0	34,478495E+0	30,000000E+0	-727,690323E+0
18,900000E+0	18,500000E+0	34,478495E+0	30,000000E+0	-848,980645E+0
19,000000E+0	18,500000E+0	34,392473E+0	30,000000E+0	-976,808602E+0
19,100000E+0	18,500000E+0	34,323656E+0	30,000000E+0	-1,102228E+3
19,200000E+0	18,500000E+0	34,237634E+0	30,000000E+0	-1,227441E+3
19,300000E+0	18,500000E+0	34,117204E+0	30,000000E+0	-1,351622E+3
19,400000E+0	18,500000E+0	34,100000E+0	30,000000E+0	-1,474151E+3
19,500000E+0	18,500000E+0	33,979570E+0	30,000000E+0	-1,598606E+3
19,600000E+0	18,500000E+0	33,910753E+0	30,000000E+0	-1,720034E+3
19,700000E+0	18,500000E+0	33,824731E+0	30,000000E+0	-1,841944E+3
19,800000E+0	18,500000E+0	33,773118E+0	30,000000E+0	-1,962822E+3
19,900000E+0	18,500000E+0	33,635484E+0	30,000000E+0	-2,083974E+3
20,000000E+0	18,500000E+0	33,515054E+0	30,000000E+0	-2,202305E+3
20,100000E+0	18,500000E+0	33,446237E+0	30,000000E+0	-2,320017E+3
20,200000E+0	18,500000E+0	33,360215E+0	30,000000E+0	-2,438211E+3
20,300000E+0	18,500000E+0	33,170968E+0	30,000000E+0	-2,555372E+3
20,400000E+0	18,500000E+0	33,050538E+0	30,000000E+0	-2,668955E+3
20,500000E+0	18,500000E+0	32,947312E+0	30,000000E+0	-2,782951E+3
20,600000E+0	18,500000E+0	32,792473E+0	30,000000E+0	-2,896465E+3
20,700000E+0	18,500000E+0	32,689247E+0	30,000000E+0	-3,007708E+3
20,800000E+0	18,500000E+0	32,448387E+0	30,000000E+0	-3,119157E+3
20,900000E+0	18,500000E+0	32,327957E+0	30,000000E+0	-3,225927E+3
21,000000E+0	18,500000E+0	32,173118E+0	30,000000E+0	-3,334142E+3
21,100000E+0	18,500000E+0	31,983871E+0	30,000000E+0	-3,440430E+3
21,200000E+0	18,500000E+0	31,811828E+0	30,000000E+0	-3,544516E+3
21,300000E+0	18,500000E+0	31,674194E+0	30,000000E+0	-3,647570E+3
21,400000E+0	18,500000E+0	31,484946E+0	30,000000E+0	-3,750211E+3
21,500000E+0	18,500000E+0	31,347312E+0	30,000000E+0	-3,850305E+3
21,600000E+0	18,500000E+0	31,158065E+0	30,000000E+0	-3,950331E+3
21,700000E+0	18,500000E+0	31,003226E+0	30,000000E+0	-4,047811E+3
21,800000E+0	18,500000E+0	30,813978E+0	30,000000E+0	-4,144740E+3
21,900000E+0	18,500000E+0	30,659140E+0	30,000000E+0	-4,239467E+3
22,000000E+0	18,500000E+0	30,504301E+0	30,000000E+0	-4,333643E+3
22,100000E+0	18,500000E+0	30,383871E+0	30,000000E+0	-4,426581E+3
22,200000E+0	18,500000E+0	30,177419E+0	30,000000E+0	-4,519243E+3
22,300000E+0	18,500000E+0	30,039785E+0	30,000000E+0	-4,608533E+3
22,400000E+0	18,500000E+0	29,833333E+0	30,000000E+0	-4,698099E+3
22,500000E+0	18,500000E+0	29,661290E+0	30,000000E+0	-4,784637E+3
22,600000E+0	18,500000E+0	29,523656E+0	30,000000E+0	-4,870486E+3
22,700000E+0	18,500000E+0	29,334409E+0	30,000000E+0	-4,955923E+3
22,800000E+0	18,500000E+0	29,145161E+0	30,000000E+0	-5,038813E+3
22,900000E+0	18,500000E+0	29,041935E+0	30,000000E+0	-5,120189E+3
23,000000E+0	18,500000E+0	28,887097E+0	30,000000E+0	-5,202460E+3
23,100000E+0	18,500000E+0	28,680645E+0	30,000000E+0	-5,282460E+3
23,200000E+0	18,500000E+0	28,560215E+0	30,000000E+0	-5,359776E+3
23,300000E+0	18,500000E+0	28,388172E+0	30,000000E+0	-5,437849E+3
23,400000E+0	18,500000E+0	28,198925E+0	30,000000E+0	-5,513514E+3
23,500000E+0	18,500000E+0	27,992473E+0	30,000000E+0	-5,587320E+3
23,600000E+0	18,500000E+0	27,889247E+0	30,000000E+0	-5,659131E+3
23,700000E+0	18,500000E+0	27,768817E+0	30,000000E+0	-5,732181E+3
23,800000E+0	18,500000E+0	27,579570E+0	30,000000E+0	-5,803923E+3
23,900000E+0	18,500000E+0	27,407527E+0	30,000000E+0	-5,872774E+3
24,000000E+0	18,500000E+0	27,218280E+0	30,000000E+0	-5,940594E+3
24,100000E+0	18,500000E+0	27,097849E+0	30,000000E+0	-6,006555E+3
24,200000E+0	18,500000E+0	26,925806E+0	30,000000E+0	-6,072929E+3
24,300000E+0	18,500000E+0	26,770968E+0	30,000000E+0	-6,136895E+3
24,400000E+0	18,500000E+0	26,633333E+0	30,000000E+0	-6,199966E+3
24,500000E+0	18,500000E+0	26,444086E+0	30,000000E+0	-6,262280E+3
24,600000E+0	18,500000E+0	26,358065E+0	30,000000E+0	-6,322047E+3
24,700000E+0	18,500000E+0	26,186022E+0	30,000000E+0	-6,383191E+3
24,800000E+0	18,500000E+0	25,945161E+0	30,000000E+0	-6,441239E+3
24,900000E+0	18,500000E+0	25,824731E+0	30,000000E+0	-6,495983E+3
25,000000E+0	18,500000E+0	25,618280E+0	30,000000E+0	-6,552172E+3
25,100000E+0	18,500000E+0	25,463441E+0	30,000000E+0	-6,604989E+3
25,200000E+0	18,500000E+0	25,308602E+0	30,000000E+0	-6,657600E+3
25,300000E+0	18,500000E+0	25,222581E+0	30,000000E+0	-6,708972E+3
25,400000E+0	18,500000E+0	25,050538E+0	30,000000E+0	-6,761032E+3
25,500000E+0	18,500000E+0	24,912903E+0	30,000000E+0	-6,809996E+3
25,600000E+0	18,500000E+0	24,792473E+0	30,000000E+0	-6,858546E+3
25,700000E+0	18,500000E+0	24,603226E+0	30,000000E+0	-6,906477E+3
25,800000E+0	18,500000E+0	24,465591E+0	30,000000E+0	-6,951518E+3
25,900000E+0	18,500000E+0	24,327957E+0	30,000000E+0	-6,996490E+3
26,000000E+0	18,500000E+0	24,155914E+0	30,000000E+0	-7,040361E+3
26,100000E+0	18,500000E+0	23,983871E+0	30,000000E+0	-7,082168E+3
26,200000E+0	18,500000E+0	23,880645E+0	30,000000E+0	-7,122598E+3
26,300000E+0	18,500000E+0	23,725806E+0	30,000000E+0	-7,163578E+3
26,400000E+0	18,500000E+0	23,570968E+0	30,000000E+0	-7,202288E+3
26,500000E+0	18,500000E+0	23,433333E+0	30,000000E+0	-7,239759E+3
26,600000E+0	18,500000E+0	23,278495E+0	30,000000E+0	-7,276473E+3
26,700000E+0	18,500000E+0	23,123656E+0	30,000000E+0	-7,311604E+3
26,800000E+0	18,500000E+0	23,054839E+0	30,000000E+0	-7,345497E+3
26,900000E+0	18,500000E+0	22,848387E+0	30,000000E+0	-7,380559E+3
27,000000E+0	18,500000E+0	22,676344E+0	30,000000E+0	-7,411217E+3
27,100000E+0	18,500000E+0	22,607527E+0	30,000000E+0	-7,441187E+3
27,200000E+0	18,500000E+0	22,487097E+0	30,000000E+0	-7,472671E+3
27,300000E+0	18,500000E+0	22,315054E+0	30,000000E+0	-7,502159E+3
27,400000E+0	18,500000E+0	22,143011E+0	30,000000E+0	-7,529239E+3
27,500000E+0	18,500000E+0	22,039785E+0	30,000000E+0	-7,554942E+3
27,600000E+0	18,500000E+0	21,919355E+0	30,000000E+0	-7,581196E+3
27,700000E+0	18,500000E+0	21,747312E+0	30,000000E+0	-7,606142E+3
27,800000E+0	18,500000E+0	21,558065E+0	30,000000E+0	-7,628680E+3
27,900000E+0	18,500000E+0	21,437634E+0	30,000000E+0	-7,649359E+3
28,000000E+0	18,500000E+0	21,248387E+0	30,000000E+0	-7,670452E+3
28,100000E+0	18,500000E+0	21,162366E+0	30,000000E+0	-7,688654E+3
28,200000E+0	18,500000E+0	21,007527E+0	30,000000E+0	-7,708232E+3
28,300000E+0	18,500000E+0	20,887097E+0	30,000000E+0	-7,725196E+3
28,400000E+0	18,500000E+0	20,715054E+0	30,000000E+0	-7,741884E+3
28,500000E+0	18,500000E+0	20,594624E+0	30,000000E+0	-7,756163E+3
28,600000E+0	18,500000E+0	20,474194E+0	30,000000E+0	-7,770512E+3
28,700000E+0	18,500000E+0	20,336559E+0	30,000000E+0	-7,783897E+3
28,800000E+0	18,500000E+0	20,181720E+0	30,000000E+0	-7,795837E+3
28,900000E+0	18,500000E+0	20,095699E+0	30,000000E+0	-7,806194E+3
29,000000E+0	18,500000E+0	19,906452E+0	30,000000E+0	-7,817239E+3
29,100000E+0	18,500000E+0	19,820430E+0	30,000000E+0	-7,824705E+3
29,200000E+0	18,500000E+0	19,700000E+0	30,000000E+0	-7,833548E+3
29,300000E+0	18,500000E+0	19,596774E+0	30,000000E+0	-7,840740E+3
29,400000E+0	18,500000E+0	19,407527E+0	30,000000E+0	-7,847449E+3
29,500000E+0	18,500000E+0	19,338710E+0	30,000000E+0	-7,850925E+3
29,600000E+0	18,500000E+0	19,235484E+0	30,000000E+0	-7,856258E+3
29,700000E+0	18,500000E+0	19,046237E+0	30,000000E+0	-7,860077E+3
29,800000E+0	18,500000E+0	18,925806E+0	30,000000E+0	-7,860662E+3
29,900000E+0	18,500000E+0	18,788172E+0	30,000000E+0	-7,861660E+3
30,000000E+0	18,500000E+0	18,667742E+0	30,000000E+0	-7,861213E+3
30,100000E+0	18,500000E+0	18,547312E+0	30,000000E+0	-7,860146E+3
30,200000E+0	18,500000E+0	18,426882E+0	30,000000E+0	-7,858116E+3
30,300000E+0	18,500000E+0	18,323656E+0	30,000000E+0	-7,855123E+3
30,400000E+0	18,500000E+0	18,203226E+0	30,000000E+0	-7,851647E+3
30,500000E+0	18,500000E+0	18,082796E+0	30,000000E+0	-7,846865E+3
30,600000E+0	18,500000E+0	17,927957E+0	30,000000E+0	-7,841118E+3
30,700000E+0	18,500000E+0	17,841935E+0	30,000000E+0	-7,833445E+3
30,800000E+0	18,500000E+0	17,704301E+0	30,000000E+0	-7,826460E+3
30,900000E+0	18,500000E+0	17,583871E+0	30,000000E+0	-7,817342E+3
31,000000E+0	18,500000E+0	17,429032E+0	30,000000E+0	-7,807604E+3
31,100000E+0	18,500000E+0	17,343011E+0	30,000000E+0	-7,795940E+3
31,200000E+0	18,500000E+0	17,239785E+0	30,000000E+0	-7,784963E+3
31,300000E+0	18,500000E+0	17,136559E+0	30,000000E+0	-7,772817E+3
31,400000E+0	18,500000E+0	16,981720E+0	30,000000E+0	-7,759845E+3
31,500000E+0	18,500000E+0	16,826882E+0	30,000000E+0	-7,744602E+3
31,600000E+0	18,500000E+0	16,689247E+0	30,000000E+0	-7,728120E+3
31,700000E+0	18,500000E+0	16,586022E+0	30,000000E+0	-7,710882E+3
31,800000E+0	18,500000E+0	16,482796E+0	30,000000E+0	-7,693505E+3
31,900000E+0	18,500000E+0	16,362366E+0	30,000000E+0	-7,675303E+3
32,000000E+0	18,500000E+0	16,207527E+0	30,000000E+0	-7,655794E+3
32,100000E+0	18,500000E+0	16,087097E+0	30,000000E+0	-7,634357E+3
32,200000E+0	18,500000E+0	16,001075E+0	30,000000E+0	-7,612645E+3
32,300000E+0	18,500000E+0	15,846237E+0	30,000000E+0	-7,590933E+3
32,400000E+0	18,500000E+0	15,777419E+0	30,000000E+0	-7,566606E+3
32,500000E+0	18,500000E+0	15,639785E+0	30,000000E+0	-7,543449E+3
32,600000E+0	18,500000E+0	15,519355E+0	30,000000E+0	-7,517815E+3
32,700000E+0	18,500000E+0	15,450538E+0	30,000000E+0	-7,491561E+3
32,800000E+0	18,500000E+0	15,347312E+0	30,000000E+0	-7,465789E+3
32,900000E+0	18,500000E+0	15,226882E+0	30,000000E+0	-7,438503E+3
33,000000E+0	18,500000E+0	15,106452E+0	30,000000E+0	-7,409910E+3
33,100000E+0	18,500000E+0	14,986022E+0	30,000000E+0	-7,380353E+3
33,200000E+0	18,500000E+0	14,968817E+0	30,000000E+0	-7,349832E+3
33,300000E+0	18,500000E+0	14,727957E+0	30,000000E+0	-7,321239E+3
33,400000E+0	18,500000E+0	14,659140E+0	30,000000E+0	-7,286245E+3
33,500000E+0	18,500000E+0	14,538710E+0	30,000000E+0	-7,254142E+3
33,600000E+0	18,500000E+0	14,469892E+0	30,000000E+0	-7,220043E+3
33,700000E+0	18,500000E+0	14,418280E+0	30,000000E+0	-7,186426E+3
33,800000E+0	18,500000E+0	14,263441E+0	30,000000E+0	-7,152740E+3
33,900000E+0	18,500000E+0	14,194624E+0	30,000000E+0	-7,115751E+3
34,000000E+0	18,500000E+0	14,108602E+0	30,000000E+0	-7,079931E+3
34,100000E+0	18,500000E+0	13,936559E+0	30,000000E+0	-7,043080E+3
34,200000E+0	18,500000E+0	13,850538E+0	30,000000E+0	-7,003131E+3
34,300000E+0	18,500000E+0	13,712903E+0	30,000000E+0	-6,964215E+3
34,400000E+0	18,500000E+0	13,489247E+0	30,000000E+0	-6,923166E+3
34,500000E+0	18,500000E+0	13,454839E+0	30,000000E+0	-6,878606E+3
34,600000E+0	18,500000E+0	13,454839E+0	30,000000E+0	-6,837557E+3
34,700000E+0	18,500000E+0	13,317204E+0	30,000000E+0	-6,797196E+3
34,800000E+0	18,500000E+0	13,179570E+0	30,000000E+0	-6,752981E+3
34,900000E+0	18,500000E+0	13,024731E+0	30,000000E+0	-6,707665E+3
35,000000E+0	18,500000E+0	13,076344E+0	30,000000E+0	-6,660766E+3
35,100000E+0	18,500000E+0	12,869892E+0	30,000000E+0	-6,618409E+3
35,200000E+0	18,500000E+0	12,646237E+0	30,000000E+0	-6,569239E+3
35,300000E+0	18,500000E+0	12,560215E+0	30,000000E+0	-6,517935E+3
35,400000E+0	18,500000E+0	12,525806E+0	30,000000E+0	-6,468697E+3
35,500000E+0	18,500000E+0	12,491398E+0	30,000000E+0	-6,420215E+3
35,600000E+0	18,500000E+0	12,336559E+0	30,000000E+0	-6,371458E+3
35,700000E+0	18,500000E+0	12,233333E+0	30,000000E+0	-6,319054E+3
35,800000E+0	18,500000E+0	12,336559E+0	30,000000E+0	-6,266856E+3
35,900000E+0	18,500000E+0	11,975269E+0	30,000000E+0	-6,219613E+3
36,000000E+0	18,500000E+0	11,975269E+0	30,000000E+0	-6,160189E+3
36,100000E+0	18,500000E+0	11,700000E+0	30,000000E+0	-6,107991E+3
36,200000E+0	18,500000E+0	11,837634E+0	30,000000E+0	-6,048086E+3
36,300000E+0	18,500000E+0	11,751613E+0	30,000000E+0	-5,997540E+3
36,400000E+0	18,500000E+0	11,390323E+0	30,000000E+0	-5,941832E+3
36,500000E+0	18,500000E+0	11,648387E+0	30,000000E+0	-5,877729E+3
36,600000E+0	18,500000E+0	11,304301E+0	30,000000E+0	-5,828077E+3
36,700000E+0	18,500000E+0	11,201075E+0	30,000000E+0	-5,763630E+3
36,800000E+0	18,500000E+0	11,373118E+0	30,000000E+0	-5,703174E+3
36,900000E+0	18,500000E+0	11,252688E+0	30,000000E+0	-5,649600E+3
37,000000E+0	18,500000E+0	10,925806E+0	30,000000E+0	-5,589213E+3
37,100000E+0	18,500000E+0	10,960215E+0	30,000000E+0	-5,522082E+3
37,200000E+0	18,500000E+0	10,770968E+0	30,000000E+0	-5,462452E+3
37,300000E+0	18,500000E+0	10,770968E+0	30,000000E+0	-5,396834E+3
37,400000E+0	18,500000E+0	10,684946E+0	30,000000E+0	-5,335002E+3
37,500000E+0	18,500000E+0	10,616129E+0	30,000000E+0	-5,270761E+3
37,600000E+0	18,500000E+0	10,581720E+0	30,000000E+0	-5,206314E+3
37,700000E+0	18,500000E+0	10,409677E+0	30,000000E+0	-5,142280E+3
37,800000E+0	18,500000E+0	10,254839E+0	30,000000E+0	-5,074116E+3
37,900000E+0	18,500000E+0	10,203226E+0	30,000000E+0	-5,005058E+3
38,000000E+0	18,500000E+0	10,186022E+0	30,000000E+0	-4,937652E+3
38,100000E+0	18,500000E+0	10,031183E+0	30,000000E+0	-4,870796E+3
38,200000E+0	18,500000E+0	9,876344E+0	30,000000E+0	-4,799948E+3
38,300000E+0	18,500000E+0	9,876344E+0	30,000000E+0	-4,727862E+3
38,400000E+0	18,500000E+0	9,583871E+0	30,000000E+0	-4,658873E+3
38,500000E+0	18,500000E+0	9,549462E+0	30,000000E+0	-4,581695E+3
38,600000E+0	18,500000E+0	9,549462E+0	30,000000E+0	-4,509402E+3
38,700000E+0	18,500000E+0	9,566667E+0	30,000000E+0	-4,437798E+3
38,800000E+0	18,500000E+0	9,377419E+0	30,000000E+0	-4,366675E+3
38,900000E+0	18,500000E+0	9,325806E+0	30,000000E+0	-4,289910E+3
39,000000E+0	18,500000E+0	9,222581E+0	30,000000E+0	-4,215484E+3
39,100000E+0	18,500000E+0	9,084946E+0	30,000000E+0	-4,139200E+3
39,200000E+0	18,500000E+0	9,119355E+0	30,000000E+0	-4,061127E+3
39,300000E+0	18,500000E+0	9,016129E+0	30,000000E+0	-3,986770E+3
39,400000E+0	18,500000E+0	8,826882E+0	30,000000E+0	-3,908834E+3
39,500000E+0	18,500000E+0	8,912903E+0	30,000000E+0	-3,827665E+3
39,600000E+0	18,500000E+0	8,878495E+0	30,000000E+0	-3,752688E+3
39,700000E+0	18,500000E+0	8,844086E+0	30,000000E+0	-3,675028E+3
39,800000E+0	18,500000E+0	8,844086E+0	30,000000E+0	-3,597092E+3
39,900000E+0	18,500000E+0	8,740860E+0	30,000000E+0	-3,519845E+3
40,000000E+0	18,500000E+0	8,637634E+0	30,000000E+0	-3,439708E+3
40,100000E+0	18,500000E+0	8,689247E+0	30,000000E+0	-3,358744E+3
40,200000E+0	18,500000E+0	8,654839E+0	30,000000E+0	-3,281290E+3
40,300000E+0	18,500000E+0	8,603226E+0	30,000000E+0	-3,201841E+3
40,400000E+0	18,500000E+0	8,620430E+0	30,000000E+0	-3,121634E+3
40,500000E+0	18,500000E+0	8,500000E+0	30,000000E+0	-3,042942E+3
40,600000E+0	18,500000E+0	8,517204E+0	30,000000E+0	-2,960533E+3
40,700000E+0	18,500000E+0	8,396774E+0	30,000000E+0	-2,881015E+3
40,800000E+0	18,500000E+0	8,327957E+0	30,000000E+0	-2,797781E+3
40,900000E+0	18,500000E+0	8,431183E+0	30,000000E+0	-2,715028E+3
41,000000E+0	18,500000E+0	8,362366E+0	30,000000E+0	-2,636542E+3
41,100000E+0	18,500000E+0	8,224731E+0	30,000000E+0	-2,554065E+3
41,200000E+0	18,500000E+0	8,207527E+0	30,000000E+0	-2,469110E+3
41,300000E+0	18,500000E+0	8,173118E+0	30,000000E+0	-2,386426E+3
41,400000E+0	18,500000E+0	7,932258E+0	30,000000E+0	-2,303123E+3
41,500000E+0	18,500000E+0	7,863441E+0	30,000000E+0	-2,213763E+3
41,600000E+0	18,500000E+0	7,915054E+0	30,000000E+0	-2,127295E+3
41,700000E+0	18,500000E+0	7,829032E+0	30,000000E+0	-2,043647E+3
41,800000E+0	18,500000E+0	7,811828E+0	30,000000E+0	-1,956559E+3
41,900000E+0	18,500000E+0	7,605376E+0	30,000000E+0	-1,870710E+3
42,000000E+0	18,500000E+0	7,519355E+0	30,000000E+0	-1,779424E+3
42,100000E+0	18,500000E+0	7,588172E+0	30,000000E+0	-1,689858E+3
42,200000E+0	18,500000E+0	7,364516E+0	30,000000E+0	-1,603940E+3
42,300000E+0	18,500000E+0	7,330108E+0	30,000000E+0	-1,510383E+3
42,400000E+0	18,500000E+0	7,158065E+0	30,000000E+0	-1,420335E+3
42,500000E+0	18,500000E+0	7,226882E+0	30,000000E+0	-1,326159E+3
42,600000E+0	18,500000E+0	7,244086E+0	30,000000E+0	-1,237351E+3
42,700000E+0	18,500000E+0	7,020430E+0	30,000000E+0	-1,147647E+3
42,800000E+0	18,500000E+0	6,986022E+0	30,000000E+0	-1,051338E+3
42,900000E+0	18,500000E+0	6,831183E+0	30,000000E+0	-958,537634E+0
43,000000E+0	18,500000E+0	6,641935E+0	30,000000E+0	-862,090323E+0
43,100000E+0	18,500000E+0	6,624731E+0	30,000000E+0	-763,440860E+0
43,200000E+0	18,500000E+0	6,710753E+0	30,000000E+0	-668,094624E+0
43,300000E+0	18,500000E+0	6,487097E+0	30,000000E+0	-575,501075E+0
43,400000E+0	18,500000E+0	6,435484E+0	30,000000E+0	-474,924731E+0
43,500000E+0	18,500000E+0	6,332258E+0	30,000000E+0	-377,376344E+0
43,600000E+0	18,500000E+0	6,297849E+0	30,000000E+0	-277,969892E+0
43,700000E+0	18,500000E+0	6,263441E+0	30,000000E+0	-179,664516E+0
43,800000E+0	18,500000E+0	6,177419E+0	30,000000E+0	-81,083871E+0
43,900000E+0	18,500000E+0	5,902151E+0	30,000000E+0	19,217204E+0
44,000000E+0	18,500000E+0	5,919355E+0	30,000000E+0	125,505376E+0
44,100000E+0	18,500000E+0	5,919355E+0	30,000000E+0	225,806452E+0
44,200000E+0	18,500000E+0	5,867742E+0	30,000000E+0	326,451613E+0
44,300000E+0	18,500000E+0	5,712903E+0	30,000000E+0	428,541935E+0
44,400000E+0	18,500000E+0	5,936559E+0	30,000000E+0	533,935484E+0
44,500000E+0	18,500000E+0	6,022581E+0	30,000000E+0	629,969892E+0
44,600000E+0	18,500000E+0	6,229032E+0	30,000000E+0	728,068817E+0
44,700000E+0	18,500000E+0	6,452688E+0	30,000000E+0	822,107527E+0
44,800000E+0	18,500000E+0	6,469892E+0	30,000000E+0	914,012903E+0
44,900000E+0	18,500000E+0	6,573118E+0	30,000000E+0	1,009910E+3
45,000000E+0	18,500000E+0	7,158065E+0	30,000000E+0	1,103260E+3
45,100000E+0	18,500000E+0	7,106452E+0	30,000000E+0	1,182297E+3
45,200000E+0	18,500000E+0	7,536559E+0	30,000000E+0	1,274477E+3
45,300000E+0	18,500000E+0	7,553763E+0	30,000000E+0	1,353583E+3
45,400000E+0	18,500000E+0	7,674194E+0	30,000000E+0	1,440809E+3
45,500000E+0	18,500000E+0	8,035484E+0	30,000000E+0	1,525006E+3
45,600000E+0	18,500000E+0	7,983871E+0	30,000000E+0	1,601497E+3
45,700000E+0	18,500000E+0	8,241935E+0	30,000000E+0	1,686658E+3
45,800000E+0	18,500000E+0	8,241935E+0	30,000000E+0	1,763561E+3
45,900000E+0	18,500000E+0	8,362366E+0	30,000000E+0	1,845626E+3
46,000000E+0	18,500000E+0	9,033333E+0	30,000000E+0	1,924318E+3
46,100000E+0	18,500000E+0	9,205376E+0	30,000000E+0	1,986632E+3
46,200000E+0	18,500000E+0	9,050538E+0	30,000000E+0	2,057548E+3
46,300000E+0	18,500000E+0	9,325806E+0	30,000000E+0	2,136241E+3
46,400000E+0	18,500000E+0	9,446237E+0	30,000000E+0	2,204129E+3
46,500000E+0	18,500000E+0	9,687097E+0	30,000000E+0	2,274151E+3
46,600000E+0	18,500000E+0	10,151613E+0	30,000000E+0	2,339837E+3
46,700000E+0	18,500000E+0	9,876344E+0	30,000000E+0	2,397333E+3
46,800000E+0	18,500000E+0	10,100000E+0	30,000000E+0	2,471828E+3
46,900000E+0	18,500000E+0	10,203226E+0	30,000000E+0	2,534555E+3
47,000000E+0	18,500000E+0	10,495699E+0	30,000000E+0	2,598865E+3
47,100000E+0	18,500000E+0	10,702151E+0	30,000000E+0	2,657049E+3
47,200000E+0	18,500000E+0	10,753763E+0	30,000000E+0	2,715303E+3
47,300000E+0	18,500000E+0	10,856989E+0	30,000000E+0	2,776241E+3
47,400000E+0	18,500000E+0	11,011828E+0	30,000000E+0	2,835320E+3
47,500000E+0	18,500000E+0	11,097849E+0	30,000000E+0	2,892129E+3
47,600000E+0	18,500000E+0	11,235484E+0	30,000000E+0	2,949626E+3
47,700000E+0	18,500000E+0	11,390323E+0	30,000000E+0	3,004989E+3
47,800000E+0	18,500000E+0	11,613978E+0	30,000000E+0	3,058770E+3
47,900000E+0	18,500000E+0	11,751613E+0	30,000000E+0	3,109385E+3
48,000000E+0	18,500000E+0	11,837634E+0	30,000000E+0	3,160619E+3
48,100000E+0	18,500000E+0	11,940860E+0	30,000000E+0	3,212198E+3
48,200000E+0	18,500000E+0	12,009677E+0	30,000000E+0	3,262606E+3
48,300000E+0	18,500000E+0	12,267742E+0	30,000000E+0	3,313153E+3
48,400000E+0	18,500000E+0	12,302151E+0	30,000000E+0	3,357849E+3
48,500000E+0	18,500000E+0	12,491398E+0	30,000000E+0	3,406744E+3
48,600000E+0	18,500000E+0	12,766667E+0	30,000000E+0	3,451028E+3
48,700000E+0	18,500000E+0	12,904301E+0	30,000000E+0	3,491389E+3
48,800000E+0	18,500000E+0	13,076344E+0	30,000000E+0	3,533402E+3
48,900000E+0	18,500000E+0	13,196774E+0	30,000000E+0	3,573351E+3
49,000000E+0	18,500000E+0	13,179570E+0	30,000000E+0	3,613368E+3
49,100000E+0	18,500000E+0	13,317204E+0	30,000000E+0	3,656275E+3
49,200000E+0	18,500000E+0	13,420430E+0	30,000000E+0	3,694985E+3
49,300000E+0	18,500000E+0	13,609677E+0	30,000000E+0	3,733557E+3
49,400000E+0	18,500000E+0	13,816129E+0	30,000000E+0	3,768895E+3
49,500000E+0	18,500000E+0	14,091398E+0	30,000000E+0	3,802237E+3
49,600000E+0	18,500000E+0	14,366667E+0	30,000000E+0	3,832000E+3
49,700000E+0	18,500000E+0	14,366667E+0	30,000000E+0	3,859561E+3
49,800000E+0	18,500000E+0	14,521505E+0	30,000000E+0	3,892628E+3
49,900000E+0	18,500000E+0	14,796774E+0	30,000000E+0	3,921359E+3
50,000000E+0	18,500000E+0	15,140860E+0	30,000000E+0	3,945480E+3
50,100000E+0	18,500000E+0	15,209677E+0	30,000000E+0	3,965471E+3
50,200000E+0	18,500000E+0	15,261290E+0	30,000000E+0	3,990417E+3
50,300000E+0	18,500000E+0	15,416129E+0	30,000000E+0	4,015295E+3
50,400000E+0	18,500000E+0	15,330108E+0	30,000000E+0	4,036869E+3
50,500000E+0	18,500000E+0	15,656989E+0	30,000000E+0	4,063948E+3
50,600000E+0	18,500000E+0	16,087097E+0	30,000000E+0	4,080155E+3
50,700000E+0	18,500000E+0	16,293548E+0	30,000000E+0	4,090856E+3
50,800000E+0	18,500000E+0	16,310753E+0	30,000000E+0	4,104378E+3
50,900000E+0	18,500000E+0	16,689247E+0	30,000000E+0	4,121548E+3
51,000000E+0	18,500000E+0	16,895699E+0	30,000000E+0	4,128465E+3
51,100000E+0	18,500000E+0	17,153763E+0	30,000000E+0	4,137170E+3
51,200000E+0	18,500000E+0	17,239785E+0	30,000000E+0	4,142778E+3
51,300000E+0	18,500000E+0	17,463441E+0	30,000000E+0	4,151140E+3
51,400000E+0	18,500000E+0	17,532258E+0	30,000000E+0	4,154959E+3
51,500000E+0	18,500000E+0	17,790323E+0	30,000000E+0	4,161325E+3
51,600000E+0	18,500000E+0	17,979570E+0	30,000000E+0	4,161841E+3
51,700000E+0	18,500000E+0	18,220430E+0	30,000000E+0	4,162219E+3
51,800000E+0	18,500000E+0	18,444086E+0	30,000000E+0	4,159639E+3
51,900000E+0	18,500000E+0	18,530108E+0	30,000000E+0	4,155613E+3
52,000000E+0	18,500000E+0	18,684946E+0	30,000000E+0	4,153652E+3
52,100000E+0	18,500000E+0	18,822581E+0	30,000000E+0	4,149075E+3
52,200000E+0	18,500000E+0	19,183871E+0	30,000000E+0	4,143742E+3
52,300000E+0	18,500000E+0	19,355914E+0	30,000000E+0	4,131045E+3
52,400000E+0	18,500000E+0	19,424731E+0	30,000000E+0	4,120757E+3
52,500000E+0	18,500000E+0	19,596774E+0	30,000000E+0	4,111983E+3
52,600000E+0	18,500000E+0	19,803226E+0	30,000000E+0	4,099768E+3
52,700000E+0	18,500000E+0	19,906452E+0	30,000000E+0	4,085213E+3
52,800000E+0	18,500000E+0	20,095699E+0	30,000000E+0	4,071897E+3
52,900000E+0	18,500000E+0	20,250538E+0	30,000000E+0	4,055346E+3
53,000000E+0	18,500000E+0	20,594624E+0	30,000000E+0	4,038245E+3
53,100000E+0	18,500000E+0	20,680645E+0	30,000000E+0	4,014606E+3
53,200000E+0	18,500000E+0	20,904301E+0	30,000000E+0	3,995441E+3
53,300000E+0	18,500000E+0	21,162366E+0	30,000000E+0	3,971733E+3
53,400000E+0	18,500000E+0	21,317204E+0	30,000000E+0	3,945273E+3
53,500000E+0	18,500000E+0	21,472043E+0	30,000000E+0	3,919639E+3
53,600000E+0	18,500000E+0	21,575269E+0	30,000000E+0	3,892766E+3
53,700000E+0	18,500000E+0	21,609677E+0	30,000000E+0	3,866099E+3
53,800000E+0	18,500000E+0	21,747312E+0	30,000000E+0	3,840533E+3
53,900000E+0	18,500000E+0	22,074194E+0	30,000000E+0	3,811802E+3
54,000000E+0	18,500000E+0	22,383871E+0	30,000000E+0	3,776671E+3
54,100000E+0	18,500000E+0	22,435484E+0	30,000000E+0	3,739406E+3
54,200000E+0	18,500000E+0	22,659140E+0	30,000000E+0	3,706890E+3
54,300000E+0	18,500000E+0	22,779570E+0	30,000000E+0	3,669144E+3
54,400000E+0	18,500000E+0	23,089247E+0	30,000000E+0	3,632499E+3
54,500000E+0	18,500000E+0	23,106452E+0	30,000000E+0	3,589591E+3
54,600000E+0	18,500000E+0	23,381720E+0	30,000000E+0	3,552396E+3
54,700000E+0	18,500000E+0	23,416129E+0	30,000000E+0	3,507837E+3
54,800000E+0	18,500000E+0	23,725806E+0	30,000000E+0	3,467819E+3
54,900000E+0	18,500000E+0	24,052688E+0	30,000000E+0	3,419819E+3
55,000000E+0	18,500000E+0	24,121505E+0	30,000000E+0	3,368860E+3
55,100000E+0	18,500000E+0	24,207527E+0	30,000000E+0	3,322512E+3
55,200000E+0	18,500000E+0	24,517204E+0	30,000000E+0	3,275131E+3
55,300000E+0	18,500000E+0	24,603226E+0	30,000000E+0	3,220800E+3
55,400000E+0	18,500000E+0	24,689247E+0	30,000000E+0	3,170254E+3
55,500000E+0	18,500000E+0	24,981720E+0	30,000000E+0	3,119019E+3
55,600000E+0	18,500000E+0	25,153763E+0	30,000000E+0	3,061316E+3
55,700000E+0	18,500000E+0	25,291398E+0	30,000000E+0	3,004645E+3
55,800000E+0	18,500000E+0	25,446237E+0	30,000000E+0	2,947561E+3
55,900000E+0	18,500000E+0	25,635484E+0	30,000000E+0	2,888895E+3
56,000000E+0	18,500000E+0	25,979570E+0	30,000000E+0	2,828026E+3
56,100000E+0	18,500000E+0	25,859140E+0	30,000000E+0	2,761308E+3
56,200000E+0	18,500000E+0	26,117204E+0	30,000000E+0	2,704843E+3
56,300000E+0	18,500000E+0	26,168817E+0	30,000000E+0	2,638744E+3
56,400000E+0	18,500000E+0	26,478495E+0	30,000000E+0	2,576361E+3
56,500000E+0	18,500000E+0	26,667742E+0	30,000000E+0	2,506340E+3
56,600000E+0	18,500000E+0	26,805376E+0	30,000000E+0	2,437213E+3
56,700000E+0	18,500000E+0	26,943011E+0	30,000000E+0	2,368017E+3
56,800000E+0	18,500000E+0	27,201075E+0	30,000000E+0	2,297720E+3
56,900000E+0	18,500000E+0	27,373118E+0	30,000000E+0	2,222951E+3
57,000000E+0	18,500000E+0	27,183871E+0	30,000000E+0	2,148525E+3
57,100000E+0	18,500000E+0	27,545161E+0	30,000000E+0	2,082839E+3
57,200000E+0	18,500000E+0	27,889247E+0	30,000000E+0	2,003252E+3
57,300000E+0	18,500000E+0	27,975269E+0	30,000000E+0	1,921256E+3
57,400000E+0	18,500000E+0	28,164516E+0	30,000000E+0	1,843733E+3
57,500000E+0	18,500000E+0	28,353763E+0	30,000000E+0	1,762632E+3
57,600000E+0	18,500000E+0	28,594624E+0	30,000000E+0	1,680017E+3
57,700000E+0	18,500000E+0	28,835484E+0	30,000000E+0	1,594443E+3
57,800000E+0	18,500000E+0	28,801075E+0	30,000000E+0	1,506942E+3
57,900000E+0	18,500000E+0	28,921505E+0	30,000000E+0	1,425222E+3
58,000000E+0	18,500000E+0	29,024731E+0	30,000000E+0	1,339441E+3
58,100000E+0	18,500000E+0	29,282796E+0	30,000000E+0	1,253178E+3
58,200000E+0	18,500000E+0	29,489247E+0	30,000000E+0	1,161755E+3
58,300000E+0	18,500000E+0	29,850538E+0	30,000000E+0	1,069712E+3
58,400000E+0	18,500000E+0	29,695699E+0	30,000000E+0	971,681720E+0
58,500000E+0	18,500000E+0	29,953763E+0	30,000000E+0	885,212903E+0
58,600000E+0	18,500000E+0	30,143011E+0	30,000000E+0	788,421505E+0
58,700000E+0	18,500000E+0	30,263441E+0	30,000000E+0	691,492473E+0
58,800000E+0	18,500000E+0	30,487097E+0	30,000000E+0	594,976344E+0
58,900000E+0	18,500000E+0	30,521505E+0	30,000000E+0	494,606452E+0
59,000000E+0	18,500000E+0	30,813978E+0	30,000000E+0	397,746237E+0
59,100000E+0	18,500000E+0	30,917204E+0	30,000000E+0	293,384946E+0
59,200000E+0	18,500000E+0	31,106452E+0	30,000000E+0	191,982796E+0
59,300000E+0	18,500000E+0	31,226882E+0	30,000000E+0	87,346237E+0
59,400000E+0	18,500000E+0	31,570968E+0	30,000000E+0	-16,877419E+0
59,500000E+0	18,500000E+0	31,725806E+0	30,000000E+0	-128,326882E+0
59,600000E+0	18,500000E+0	31,880645E+0	30,000000E+0	-237,230108E+0
59,700000E+0	18,500000E+0	31,639785E+0	30,000000E+0	-347,372043E+0
59,800000E+0	18,500000E+0	31,467742E+0	30,000000E+0	-447,673118E+0
59,900000E+0	18,500000E+0	31,433333E+0	30,000000E+0	-547,974194E+0
60,000000E+0	18,500000E+0	31,295699E+0	30,000000E+0	-650,752688E+0
60,100000E+0	18,500000E+0	31,209677E+0	30,000000E+0	-750,365591E+0
60,200000E+0	18,500000E+0	31,261290E+0	30,000000E+0	-850,322581E+0
60,300000E+0	18,500000E+0	31,158065E+0	30,000000E+0	-953,445161E+0
60,400000E+0	18,500000E+0	31,037634E+0	30,000000E+0	-1,052645E+3
60,500000E+0	18,500000E+0	30,986022E+0	30,000000E+0	-1,150538E+3
60,600000E+0	18,500000E+0	30,917204E+0	30,000000E+0	-1,249394E+3
60,700000E+0	18,500000E+0	30,813978E+0	30,000000E+0	-1,347355E+3
60,800000E+0	18,500000E+0	30,745161E+0	30,000000E+0	-1,443802E+3
60,900000E+0	18,500000E+0	30,624731E+0	30,000000E+0	-1,540387E+3
61,000000E+0	18,500000E+0	30,555914E+0	30,000000E+0	-1,634976E+3
61,100000E+0	18,500000E+0	30,452688E+0	30,000000E+0	-1,730047E+3
61,200000E+0	18,500000E+0	30,332258E+0	30,000000E+0	-1,823604E+3
61,300000E+0	18,500000E+0	30,263441E+0	30,000000E+0	-1,915854E+3
61,400000E+0	18,500000E+0	30,229032E+0	30,000000E+0	-2,008585E+3
61,500000E+0	18,500000E+0	30,143011E+0	30,000000E+0	-2,101729E+3
61,600000E+0	18,500000E+0	30,039785E+0	30,000000E+0	-2,193153E+3
61,700000E+0	18,500000E+0	29,988172E+0	30,000000E+0	-2,283406E+3
61,800000E+0	18,500000E+0	29,936559E+0	30,000000E+0	-2,374280E+3
61,900000E+0	18,500000E+0	29,781720E+0	30,000000E+0	-2,464740E+3
62,000000E+0	18,500000E+0	29,764516E+0	30,000000E+0	-2,551897E+3
62,100000E+0	18,500000E+0	29,695699E+0	30,000000E+0	-2,641669E+3
62,200000E+0	18,500000E+0	29,540860E+0	30,000000E+0	-2,729858E+3
62,300000E+0	18,500000E+0	29,454839E+0	30,000000E+0	-2,815088E+3
62,400000E+0	18,500000E+0	29,420430E+0	30,000000E+0	-2,901006E+3
62,500000E+0	18,500000E+0	29,334409E+0	30,000000E+0	-2,987682E+3
62,600000E+0	18,500000E+0	29,213978E+0	30,000000E+0	-3,072637E+3
62,700000E+0	18,500000E+0	29,145161E+0	30,000000E+0	-3,155940E+3
62,800000E+0	18,500000E+0	29,076344E+0	30,000000E+0	-3,239725E+3
62,900000E+0	18,500000E+0	28,973118E+0	30,000000E+0	-3,322959E+3
63,000000E+0	18,500000E+0	28,852688E+0	30,000000E+0	-3,404680E+3
63,100000E+0	18,500000E+0	28,835484E+0	30,000000E+0	-3,485092E+3
63,200000E+0	18,500000E+0	28,715054E+0	30,000000E+0	-3,567432E+3
63,300000E+0	18,500000E+0	28,594624E+0	30,000000E+0	-3,646744E+3
63,400000E+0	18,500000E+0	28,543011E+0	30,000000E+0	-3,725092E+3
63,500000E+0	18,500000E+0	28,456989E+0	30,000000E+0	-3,804404E+3
63,600000E+0	18,500000E+0	28,336559E+0	30,000000E+0	-3,882340E+3
63,700000E+0	18,500000E+0	28,267742E+0	30,000000E+0	-3,958624E+3
63,800000E+0	18,500000E+0	28,164516E+0	30,000000E+0	-4,035389E+3
63,900000E+0	18,500000E+0	28,078495E+0	30,000000E+0	-4,110641E+3
64,000000E+0	18,500000E+0	27,940860E+0	30,000000E+0	-4,185548E+3
64,100000E+0	18,500000E+0	27,889247E+0	30,000000E+0	-4,258323E+3
64,200000E+0	18,500000E+0	27,837634E+0	30,000000E+0	-4,332404E+3
64,300000E+0	18,500000E+0	27,768817E+0	30,000000E+0	-4,406073E+3
64,400000E+0	18,500000E+0	27,648387E+0	30,000000E+0	-4,478847E+3
64,500000E+0	18,500000E+0	27,545161E+0	30,000000E+0	-4,549626E+3
64,600000E+0	18,500000E+0	27,493548E+0	30,000000E+0	-4,619923E+3
64,700000E+0	18,500000E+0	27,407527E+0	30,000000E+0	-4,690839E+3
64,800000E+0	18,500000E+0	27,321505E+0	30,000000E+0	-4,760378E+3
64,900000E+0	18,500000E+0	27,218280E+0	30,000000E+0	-4,829230E+3
65,000000E+0	18,500000E+0	27,115054E+0	30,000000E+0	-4,896912E+3
65,100000E+0	18,500000E+0	27,046237E+0	30,000000E+0	-4,963768E+3
65,200000E+0	18,500000E+0	26,943011E+0	30,000000E+0	-5,030761E+3
65,300000E+0	18,500000E+0	26,874194E+0	30,000000E+0	-5,096241E+3
65,400000E+0	18,500000E+0	26,788172E+0	30,000000E+0	-5,161858E+3
65,500000E+0	18,500000E+0	26,736559E+0	30,000000E+0	-5,226443E+3
65,600000E+0	18,500000E+0	26,667742E+0	30,000000E+0	-5,291303E+3
65,700000E+0	18,500000E+0	26,530108E+0	30,000000E+0	-5,355269E+3
65,800000E+0	18,500000E+0	26,409677E+0	30,000000E+0	-5,416757E+3
65,900000E+0	18,500000E+0	26,375269E+0	30,000000E+0	-5,477626E+3
