t [s] || setpoint level [cm] || tank level [cm] || initial flow u0 [ml.s^-1] || command PI (du) [ml.s^-1]
0,000000E+0	0,000000E+0	18,392473E+0	30,000000E+0	0,000000E+0
100,000000E-3	0,000000E+0	17,996774E+0	30,000000E+0	0,000000E+0
200,000000E-3	0,000000E+0	18,856989E+0	30,000000E+0	0,000000E+0
300,000000E-3	0,000000E+0	18,134409E+0	30,000000E+0	0,000000E+0
400,000000E-3	0,000000E+0	18,151613E+0	30,000000E+0	0,000000E+0
500,000000E-3	0,000000E+0	18,203226E+0	30,000000E+0	0,000000E+0
600,000000E-3	0,000000E+0	18,151613E+0	30,000000E+0	0,000000E+0
700,000000E-3	0,000000E+0	18,702151E+0	30,000000E+0	0,000000E+0
800,000000E-3	0,000000E+0	18,684946E+0	30,000000E+0	0,000000E+0
900,000000E-3	0,000000E+0	18,358065E+0	30,000000E+0	0,000000E+0
1,000000E+0	0,000000E+0	18,633333E+0	30,000000E+0	0,000000E+0
1,100000E+0	0,000000E+0	18,684946E+0	30,000000E+0	0,000000E+0
1,200000E+0	0,000000E+0	18,358065E+0	30,000000E+0	0,000000E+0
1,300000E+0	0,000000E+0	18,530108E+0	30,000000E+0	0,000000E+0
1,400000E+0	0,000000E+0	18,684946E+0	30,000000E+0	0,000000E+0
1,500000E+0	0,000000E+0	18,788172E+0	30,000000E+0	0,000000E+0
1,600000E+0	0,000000E+0	18,272043E+0	30,000000E+0	0,000000E+0
1,700000E+0	0,000000E+0	18,237634E+0	30,000000E+0	0,000000E+0
1,800000E+0	0,000000E+0	18,684946E+0	30,000000E+0	0,000000E+0
1,900000E+0	0,000000E+0	18,117204E+0	30,000000E+0	0,000000E+0
2,000000E+0	0,000000E+0	18,633333E+0	30,000000E+0	0,000000E+0
2,100000E+0	0,000000E+0	18,323656E+0	30,000000E+0	0,000000E+0
2,200000E+0	0,000000E+0	17,910753E+0	30,000000E+0	0,000000E+0
2,300000E+0	0,000000E+0	18,719355E+0	30,000000E+0	0,000000E+0
2,400000E+0	0,000000E+0	17,945161E+0	30,000000E+0	0,000000E+0
2,500000E+0	0,000000E+0	18,684946E+0	30,000000E+0	0,000000E+0
2,600000E+0	0,000000E+0	18,564516E+0	30,000000E+0	0,000000E+0
2,700000E+0	0,000000E+0	18,065591E+0	30,000000E+0	0,000000E+0
2,800000E+0	0,000000E+0	18,753763E+0	30,000000E+0	0,000000E+0
2,900000E+0	0,000000E+0	18,530108E+0	30,000000E+0	0,000000E+0
3,000000E+0	0,000000E+0	18,547312E+0	30,000000E+0	0,000000E+0
3,100000E+0	0,000000E+0	18,736559E+0	30,000000E+0	0,000000E+0
3,200000E+0	0,000000E+0	18,478495E+0	30,000000E+0	0,000000E+0
3,300000E+0	0,000000E+0	18,547312E+0	30,000000E+0	0,000000E+0
3,400000E+0	0,000000E+0	18,564516E+0	30,000000E+0	0,000000E+0
3,500000E+0	0,000000E+0	18,839785E+0	30,000000E+0	0,000000E+0
3,600000E+0	0,000000E+0	18,684946E+0	30,000000E+0	0,000000E+0
3,700000E+0	0,000000E+0	19,097849E+0	30,000000E+0	0,000000E+0
3,800000E+0	0,000000E+0	18,134409E+0	30,000000E+0	0,000000E+0
3,900000E+0	0,000000E+0	18,547312E+0	30,000000E+0	0,000000E+0
4,000000E+0	0,000000E+0	18,943011E+0	30,000000E+0	0,000000E+0
4,100000E+0	0,000000E+0	18,547312E+0	30,000000E+0	0,000000E+0
4,200000E+0	0,000000E+0	18,512903E+0	30,000000E+0	0,000000E+0
4,300000E+0	0,000000E+0	18,598925E+0	30,000000E+0	0,000000E+0
4,400000E+0	0,000000E+0	18,478495E+0	30,000000E+0	0,000000E+0
4,500000E+0	0,000000E+0	18,340860E+0	30,000000E+0	0,000000E+0
4,600000E+0	0,000000E+0	18,753763E+0	30,000000E+0	0,000000E+0
4,700000E+0	0,000000E+0	18,512903E+0	30,000000E+0	0,000000E+0
4,800000E+0	0,000000E+0	19,218280E+0	30,000000E+0	0,000000E+0
4,900000E+0	0,000000E+0	18,547312E+0	30,000000E+0	0,000000E+0
5,000000E+0	0,000000E+0	18,254839E+0	30,000000E+0	0,000000E+0
5,100000E+0	0,000000E+0	18,977419E+0	30,000000E+0	0,000000E+0
5,200000E+0	0,000000E+0	19,166667E+0	30,000000E+0	0,000000E+0
5,300000E+0	0,000000E+0	18,719355E+0	30,000000E+0	0,000000E+0
5,400000E+0	0,000000E+0	18,134409E+0	30,000000E+0	0,000000E+0
5,500000E+0	0,000000E+0	18,736559E+0	30,000000E+0	0,000000E+0
5,600000E+0	0,000000E+0	18,495699E+0	30,000000E+0	0,000000E+0
5,700000E+0	0,000000E+0	18,856989E+0	30,000000E+0	0,000000E+0
5,800000E+0	0,000000E+0	18,960215E+0	30,000000E+0	0,000000E+0
5,900000E+0	0,000000E+0	18,770968E+0	30,000000E+0	0,000000E+0
6,000000E+0	0,000000E+0	17,497849E+0	30,000000E+0	0,000000E+0
6,100000E+0	0,000000E+0	19,149462E+0	30,000000E+0	0,000000E+0
6,200000E+0	0,000000E+0	18,547312E+0	30,000000E+0	0,000000E+0
6,300000E+0	0,000000E+0	18,598925E+0	30,000000E+0	0,000000E+0
6,400000E+0	0,000000E+0	19,252688E+0	30,000000E+0	0,000000E+0
6,500000E+0	0,000000E+0	18,409677E+0	30,000000E+0	0,000000E+0
6,600000E+0	0,000000E+0	18,684946E+0	30,000000E+0	0,000000E+0
6,700000E+0	0,000000E+0	18,512903E+0	30,000000E+0	0,000000E+0
6,800000E+0	0,000000E+0	18,409677E+0	30,000000E+0	0,000000E+0
6,900000E+0	0,000000E+0	19,046237E+0	30,000000E+0	0,000000E+0
7,000000E+0	0,000000E+0	18,306452E+0	30,000000E+0	0,000000E+0
7,100000E+0	0,000000E+0	18,650538E+0	30,000000E+0	0,000000E+0
7,200000E+0	0,000000E+0	18,977419E+0	30,000000E+0	0,000000E+0
7,300000E+0	0,000000E+0	18,891398E+0	30,000000E+0	0,000000E+0
7,400000E+0	0,000000E+0	18,598925E+0	30,000000E+0	0,000000E+0
7,500000E+0	0,000000E+0	18,684946E+0	30,000000E+0	0,000000E+0
7,600000E+0	0,000000E+0	19,166667E+0	30,000000E+0	0,000000E+0
7,700000E+0	0,000000E+0	18,908602E+0	30,000000E+0	0,000000E+0
7,800000E+0	0,000000E+0	18,805376E+0	30,000000E+0	0,000000E+0
7,900000E+0	0,000000E+0	18,340860E+0	30,000000E+0	0,000000E+0
8,000000E+0	0,000000E+0	18,788172E+0	30,000000E+0	0,000000E+0
8,100000E+0	0,000000E+0	19,218280E+0	30,000000E+0	0,000000E+0
8,200000E+0	0,000000E+0	18,736559E+0	30,000000E+0	0,000000E+0
8,300000E+0	0,000000E+0	18,822581E+0	30,000000E+0	0,000000E+0
8,400000E+0	0,000000E+0	18,736559E+0	30,000000E+0	0,000000E+0
8,500000E+0	0,000000E+0	19,613978E+0	30,000000E+0	0,000000E+0
8,600000E+0	0,000000E+0	18,478495E+0	30,000000E+0	0,000000E+0
8,700000E+0	0,000000E+0	19,097849E+0	30,000000E+0	0,000000E+0
8,800000E+0	0,000000E+0	18,874194E+0	30,000000E+0	0,000000E+0
8,900000E+0	0,000000E+0	18,736559E+0	30,000000E+0	0,000000E+0
9,000000E+0	0,000000E+0	18,667742E+0	30,000000E+0	0,000000E+0
9,100000E+0	0,000000E+0	18,719355E+0	30,000000E+0	0,000000E+0
9,200000E+0	0,000000E+0	19,097849E+0	30,000000E+0	0,000000E+0
9,300000E+0	0,000000E+0	18,598925E+0	30,000000E+0	0,000000E+0
9,400000E+0	0,000000E+0	18,977419E+0	30,000000E+0	0,000000E+0
9,500000E+0	0,000000E+0	18,530108E+0	30,000000E+0	0,000000E+0
9,600000E+0	0,000000E+0	19,080645E+0	30,000000E+0	0,000000E+0
9,700000E+0	0,000000E+0	18,667742E+0	30,000000E+0	0,000000E+0
9,800000E+0	0,000000E+0	18,736559E+0	30,000000E+0	0,000000E+0
9,900000E+0	0,000000E+0	19,700000E+0	30,000000E+0	0,000000E+0
10,000000E+0	0,000000E+0	19,115054E+0	30,000000E+0	0,000000E+0
10,100000E+0	0,000000E+0	18,306452E+0	30,000000E+0	0,000000E+0
10,200000E+0	0,000000E+0	18,943011E+0	30,000000E+0	0,000000E+0
10,300000E+0	0,000000E+0	18,409677E+0	30,000000E+0	0,000000E+0
10,400000E+0	0,000000E+0	18,856989E+0	30,000000E+0	0,000000E+0
10,500000E+0	0,000000E+0	18,943011E+0	30,000000E+0	0,000000E+0
10,600000E+0	0,000000E+0	18,770968E+0	30,000000E+0	0,000000E+0
10,700000E+0	0,000000E+0	18,598925E+0	30,000000E+0	0,000000E+0
10,800000E+0	0,000000E+0	18,461290E+0	30,000000E+0	0,000000E+0
10,900000E+0	0,000000E+0	19,355914E+0	30,000000E+0	0,000000E+0
11,000000E+0	0,000000E+0	18,908602E+0	30,000000E+0	0,000000E+0
11,100000E+0	0,000000E+0	18,409677E+0	30,000000E+0	0,000000E+0
11,200000E+0	0,000000E+0	18,839785E+0	30,000000E+0	0,000000E+0
11,300000E+0	0,000000E+0	18,856989E+0	30,000000E+0	0,000000E+0
11,400000E+0	0,000000E+0	19,201075E+0	30,000000E+0	0,000000E+0
11,500000E+0	0,000000E+0	19,080645E+0	30,000000E+0	0,000000E+0
11,600000E+0	0,000000E+0	18,667742E+0	30,000000E+0	0,000000E+0
11,700000E+0	0,000000E+0	19,407527E+0	30,000000E+0	0,000000E+0
11,800000E+0	0,000000E+0	18,753763E+0	30,000000E+0	0,000000E+0
11,900000E+0	0,000000E+0	18,547312E+0	30,000000E+0	0,000000E+0
12,000000E+0	0,000000E+0	19,046237E+0	30,000000E+0	0,000000E+0
12,100000E+0	0,000000E+0	18,684946E+0	30,000000E+0	0,000000E+0
12,200000E+0	0,000000E+0	18,874194E+0	30,000000E+0	0,000000E+0
12,300000E+0	0,000000E+0	18,960215E+0	30,000000E+0	0,000000E+0
12,400000E+0	0,000000E+0	19,046237E+0	30,000000E+0	0,000000E+0
12,500000E+0	0,000000E+0	19,080645E+0	30,000000E+0	0,000000E+0
12,600000E+0	0,000000E+0	18,960215E+0	30,000000E+0	0,000000E+0
12,700000E+0	0,000000E+0	19,321505E+0	30,000000E+0	0,000000E+0
12,800000E+0	0,000000E+0	18,822581E+0	30,000000E+0	0,000000E+0
12,900000E+0	0,000000E+0	18,426882E+0	30,000000E+0	0,000000E+0
13,000000E+0	0,000000E+0	19,218280E+0	30,000000E+0	0,000000E+0
13,100000E+0	0,000000E+0	19,115054E+0	30,000000E+0	0,000000E+0
13,200000E+0	0,000000E+0	19,183871E+0	30,000000E+0	0,000000E+0
13,300000E+0	0,000000E+0	19,132258E+0	30,000000E+0	0,000000E+0
13,400000E+0	0,000000E+0	19,252688E+0	30,000000E+0	0,000000E+0
13,500000E+0	0,000000E+0	18,684946E+0	30,000000E+0	0,000000E+0
13,600000E+0	0,000000E+0	19,149462E+0	30,000000E+0	0,000000E+0
13,700000E+0	0,000000E+0	19,149462E+0	30,000000E+0	0,000000E+0
13,800000E+0	0,000000E+0	18,925806E+0	30,000000E+0	0,000000E+0
13,900000E+0	0,000000E+0	18,822581E+0	30,000000E+0	0,000000E+0
14,000000E+0	0,000000E+0	19,269892E+0	30,000000E+0	0,000000E+0
14,100000E+0	0,000000E+0	19,080645E+0	30,000000E+0	0,000000E+0
14,200000E+0	0,000000E+0	18,805376E+0	30,000000E+0	0,000000E+0
14,300000E+0	0,000000E+0	19,235484E+0	30,000000E+0	0,000000E+0
14,400000E+0	0,000000E+0	19,218280E+0	30,000000E+0	0,000000E+0
14,500000E+0	0,000000E+0	19,115054E+0	30,000000E+0	0,000000E+0
14,600000E+0	0,000000E+0	18,994624E+0	30,000000E+0	0,000000E+0
14,700000E+0	0,000000E+0	19,287097E+0	30,000000E+0	0,000000E+0
14,800000E+0	0,000000E+0	18,788172E+0	30,000000E+0	0,000000E+0
14,900000E+0	0,000000E+0	19,287097E+0	30,000000E+0	0,000000E+0
15,000000E+0	0,000000E+0	19,562366E+0	30,000000E+0	0,000000E+0
15,100000E+0	0,000000E+0	18,684946E+0	30,000000E+0	0,000000E+0
15,200000E+0	0,000000E+0	19,011828E+0	30,000000E+0	0,000000E+0
15,300000E+0	0,000000E+0	19,287097E+0	30,000000E+0	0,000000E+0
15,400000E+0	0,000000E+0	18,908602E+0	30,000000E+0	0,000000E+0
15,500000E+0	0,000000E+0	19,373118E+0	30,000000E+0	0,000000E+0
15,600000E+0	0,000000E+0	19,080645E+0	30,000000E+0	0,000000E+0
15,700000E+0	0,000000E+0	19,269892E+0	30,000000E+0	0,000000E+0
15,800000E+0	0,000000E+0	19,097849E+0	30,000000E+0	0,000000E+0
15,900000E+0	0,000000E+0	19,097849E+0	30,000000E+0	0,000000E+0
16,000000E+0	0,000000E+0	19,579570E+0	30,000000E+0	0,000000E+0
16,100000E+0	0,000000E+0	18,839785E+0	30,000000E+0	0,000000E+0
16,200000E+0	0,000000E+0	19,631183E+0	30,000000E+0	0,000000E+0
16,300000E+0	0,000000E+0	19,235484E+0	30,000000E+0	0,000000E+0
16,400000E+0	0,000000E+0	19,269892E+0	30,000000E+0	0,000000E+0
16,500000E+0	0,000000E+0	19,269892E+0	30,000000E+0	0,000000E+0
16,600000E+0	0,000000E+0	19,149462E+0	30,000000E+0	0,000000E+0
16,700000E+0	0,000000E+0	19,373118E+0	30,000000E+0	0,000000E+0
16,800000E+0	0,000000E+0	19,768817E+0	30,000000E+0	0,000000E+0
16,900000E+0	0,000000E+0	18,822581E+0	30,000000E+0	0,000000E+0
17,000000E+0	0,000000E+0	19,321505E+0	30,000000E+0	0,000000E+0
17,100000E+0	0,000000E+0	18,770968E+0	30,000000E+0	0,000000E+0
17,200000E+0	0,000000E+0	19,459140E+0	30,000000E+0	0,000000E+0
17,300000E+0	0,000000E+0	19,252688E+0	30,000000E+0	0,000000E+0
17,400000E+0	0,000000E+0	19,252688E+0	30,000000E+0	0,000000E+0
17,500000E+0	0,000000E+0	19,527957E+0	30,000000E+0	0,000000E+0
17,600000E+0	0,000000E+0	19,218280E+0	30,000000E+0	0,000000E+0
17,700000E+0	0,000000E+0	19,149462E+0	30,000000E+0	0,000000E+0
17,800000E+0	0,000000E+0	19,063441E+0	30,000000E+0	0,000000E+0
17,900000E+0	0,000000E+0	19,631183E+0	30,000000E+0	0,000000E+0
18,000000E+0	0,000000E+0	19,166667E+0	30,000000E+0	0,000000E+0
18,100000E+0	0,000000E+0	19,287097E+0	30,000000E+0	0,000000E+0
18,200000E+0	0,000000E+0	19,149462E+0	30,000000E+0	0,000000E+0
18,300000E+0	0,000000E+0	19,046237E+0	30,000000E+0	0,000000E+0
18,400000E+0	0,000000E+0	19,665591E+0	30,000000E+0	0,000000E+0
18,500000E+0	0,000000E+0	19,373118E+0	30,000000E+0	0,000000E+0
18,600000E+0	0,000000E+0	18,702151E+0	30,000000E+0	0,000000E+0
18,700000E+0	0,000000E+0	19,321505E+0	30,000000E+0	0,000000E+0
18,800000E+0	0,000000E+0	19,355914E+0	30,000000E+0	0,000000E+0
18,900000E+0	0,000000E+0	19,097849E+0	30,000000E+0	0,000000E+0
19,000000E+0	0,000000E+0	19,441935E+0	30,000000E+0	0,000000E+0
19,100000E+0	0,000000E+0	19,321505E+0	30,000000E+0	0,000000E+0
19,200000E+0	0,000000E+0	19,338710E+0	30,000000E+0	0,000000E+0
19,300000E+0	0,000000E+0	19,011828E+0	30,000000E+0	0,000000E+0
19,400000E+0	0,000000E+0	19,235484E+0	30,000000E+0	0,000000E+0
19,500000E+0	0,000000E+0	19,011828E+0	30,000000E+0	0,000000E+0
19,600000E+0	0,000000E+0	19,201075E+0	30,000000E+0	0,000000E+0
19,700000E+0	0,000000E+0	19,201075E+0	30,000000E+0	0,000000E+0
19,800000E+0	0,000000E+0	18,960215E+0	30,000000E+0	0,000000E+0
19,900000E+0	0,000000E+0	19,252688E+0	30,000000E+0	0,000000E+0
20,000000E+0	0,000000E+0	19,355914E+0	30,000000E+0	0,000000E+0
20,100000E+0	0,000000E+0	19,183871E+0	30,000000E+0	0,000000E+0
20,200000E+0	0,000000E+0	19,493548E+0	30,000000E+0	0,000000E+0
20,300000E+0	0,000000E+0	19,648387E+0	30,000000E+0	0,000000E+0
20,400000E+0	0,000000E+0	19,183871E+0	30,000000E+0	0,000000E+0
20,500000E+0	0,000000E+0	19,235484E+0	30,000000E+0	0,000000E+0
20,600000E+0	0,000000E+0	19,218280E+0	30,000000E+0	0,000000E+0
20,700000E+0	0,000000E+0	19,304301E+0	30,000000E+0	0,000000E+0
20,800000E+0	0,000000E+0	19,441935E+0	30,000000E+0	0,000000E+0
20,900000E+0	0,000000E+0	19,476344E+0	30,000000E+0	0,000000E+0
21,000000E+0	0,000000E+0	19,269892E+0	30,000000E+0	0,000000E+0
21,100000E+0	0,000000E+0	18,461290E+0	30,000000E+0	0,000000E+0
21,200000E+0	0,000000E+0	19,269892E+0	30,000000E+0	0,000000E+0
21,300000E+0	0,000000E+0	19,321505E+0	30,000000E+0	0,000000E+0
21,400000E+0	0,000000E+0	19,287097E+0	30,000000E+0	0,000000E+0
21,500000E+0	0,000000E+0	18,960215E+0	30,000000E+0	0,000000E+0
21,600000E+0	0,000000E+0	19,269892E+0	30,000000E+0	0,000000E+0
21,700000E+0	0,000000E+0	19,201075E+0	30,000000E+0	0,000000E+0
21,800000E+0	0,000000E+0	19,029032E+0	30,000000E+0	0,000000E+0
21,900000E+0	0,000000E+0	19,459140E+0	30,000000E+0	0,000000E+0
22,000000E+0	0,000000E+0	19,441935E+0	30,000000E+0	0,000000E+0
22,100000E+0	0,000000E+0	19,149462E+0	30,000000E+0	0,000000E+0
22,200000E+0	0,000000E+0	19,407527E+0	30,000000E+0	0,000000E+0
22,300000E+0	0,000000E+0	19,373118E+0	30,000000E+0	0,000000E+0
22,400000E+0	0,000000E+0	19,373118E+0	30,000000E+0	0,000000E+0
22,500000E+0	0,000000E+0	19,355914E+0	30,000000E+0	0,000000E+0
22,600000E+0	0,000000E+0	19,373118E+0	30,000000E+0	0,000000E+0
22,700000E+0	0,000000E+0	19,201075E+0	30,000000E+0	0,000000E+0
22,800000E+0	0,000000E+0	19,115054E+0	30,000000E+0	0,000000E+0
22,900000E+0	0,000000E+0	19,700000E+0	30,000000E+0	0,000000E+0
23,000000E+0	0,000000E+0	19,545161E+0	30,000000E+0	0,000000E+0
23,100000E+0	0,000000E+0	19,063441E+0	30,000000E+0	0,000000E+0
23,200000E+0	0,000000E+0	19,183871E+0	30,000000E+0	0,000000E+0
23,300000E+0	0,000000E+0	19,527957E+0	30,000000E+0	0,000000E+0
23,400000E+0	0,000000E+0	19,149462E+0	30,000000E+0	0,000000E+0
23,500000E+0	0,000000E+0	19,252688E+0	30,000000E+0	0,000000E+0
23,600000E+0	0,000000E+0	19,029032E+0	30,000000E+0	0,000000E+0
23,700000E+0	0,000000E+0	19,476344E+0	30,000000E+0	0,000000E+0
23,800000E+0	0,000000E+0	19,355914E+0	30,000000E+0	0,000000E+0
23,900000E+0	0,000000E+0	19,579570E+0	30,000000E+0	0,000000E+0
24,000000E+0	0,000000E+0	19,527957E+0	30,000000E+0	0,000000E+0
24,100000E+0	0,000000E+0	19,338710E+0	30,000000E+0	0,000000E+0
24,200000E+0	0,000000E+0	19,235484E+0	30,000000E+0	0,000000E+0
24,300000E+0	0,000000E+0	19,321505E+0	30,000000E+0	0,000000E+0
24,400000E+0	0,000000E+0	19,596774E+0	30,000000E+0	0,000000E+0
24,500000E+0	0,000000E+0	18,822581E+0	30,000000E+0	0,000000E+0
24,600000E+0	0,000000E+0	19,407527E+0	30,000000E+0	0,000000E+0
24,700000E+0	0,000000E+0	19,046237E+0	30,000000E+0	0,000000E+0
24,800000E+0	0,000000E+0	19,235484E+0	30,000000E+0	0,000000E+0
24,900000E+0	0,000000E+0	19,648387E+0	30,000000E+0	0,000000E+0
25,000000E+0	0,000000E+0	18,805376E+0	30,000000E+0	0,000000E+0
25,100000E+0	0,000000E+0	19,648387E+0	30,000000E+0	0,000000E+0
25,200000E+0	0,000000E+0	19,527957E+0	30,000000E+0	0,000000E+0
25,300000E+0	0,000000E+0	19,115054E+0	30,000000E+0	0,000000E+0
25,400000E+0	0,000000E+0	19,166667E+0	30,000000E+0	0,000000E+0
25,500000E+0	0,000000E+0	19,545161E+0	30,000000E+0	0,000000E+0
25,600000E+0	0,000000E+0	19,235484E+0	30,000000E+0	0,000000E+0
25,700000E+0	0,000000E+0	19,183871E+0	30,000000E+0	0,000000E+0
25,800000E+0	0,000000E+0	19,545161E+0	30,000000E+0	0,000000E+0
25,900000E+0	0,000000E+0	19,510753E+0	30,000000E+0	0,000000E+0
26,000000E+0	0,000000E+0	18,994624E+0	30,000000E+0	0,000000E+0
26,100000E+0	0,000000E+0	19,407527E+0	30,000000E+0	0,000000E+0
26,200000E+0	0,000000E+0	19,390323E+0	30,000000E+0	0,000000E+0
26,300000E+0	0,000000E+0	19,579570E+0	30,000000E+0	0,000000E+0
26,400000E+0	0,000000E+0	19,201075E+0	30,000000E+0	0,000000E+0
26,500000E+0	0,000000E+0	19,545161E+0	30,000000E+0	0,000000E+0
26,600000E+0	0,000000E+0	19,441935E+0	30,000000E+0	0,000000E+0
26,700000E+0	0,000000E+0	18,960215E+0	30,000000E+0	0,000000E+0
26,800000E+0	0,000000E+0	19,665591E+0	30,000000E+0	0,000000E+0
26,900000E+0	0,000000E+0	19,132258E+0	30,000000E+0	0,000000E+0
27,000000E+0	0,000000E+0	19,304301E+0	30,000000E+0	0,000000E+0
27,100000E+0	0,000000E+0	19,648387E+0	30,000000E+0	0,000000E+0
27,200000E+0	0,000000E+0	19,029032E+0	30,000000E+0	0,000000E+0
27,300000E+0	0,000000E+0	19,355914E+0	30,000000E+0	0,000000E+0
27,400000E+0	0,000000E+0	20,026882E+0	30,000000E+0	0,000000E+0
27,500000E+0	0,000000E+0	19,252688E+0	30,000000E+0	0,000000E+0
27,600000E+0	0,000000E+0	19,562366E+0	30,000000E+0	0,000000E+0
27,700000E+0	0,000000E+0	19,441935E+0	30,000000E+0	0,000000E+0
27,800000E+0	0,000000E+0	19,424731E+0	30,000000E+0	0,000000E+0
27,900000E+0	0,000000E+0	19,527957E+0	30,000000E+0	0,000000E+0
28,000000E+0	0,000000E+0	19,304301E+0	30,000000E+0	0,000000E+0
28,100000E+0	0,000000E+0	19,613978E+0	30,000000E+0	0,000000E+0
28,200000E+0	0,000000E+0	19,269892E+0	30,000000E+0	0,000000E+0
28,300000E+0	0,000000E+0	19,390323E+0	30,000000E+0	0,000000E+0
28,400000E+0	0,000000E+0	19,097849E+0	30,000000E+0	0,000000E+0
28,500000E+0	0,000000E+0	19,854839E+0	30,000000E+0	0,000000E+0
28,600000E+0	0,000000E+0	19,304301E+0	30,000000E+0	0,000000E+0
28,700000E+0	0,000000E+0	19,063441E+0	30,000000E+0	0,000000E+0
28,800000E+0	0,000000E+0	19,407527E+0	30,000000E+0	0,000000E+0
28,900000E+0	0,000000E+0	19,424731E+0	30,000000E+0	0,000000E+0
29,000000E+0	0,000000E+0	19,768817E+0	30,000000E+0	0,000000E+0
29,100000E+0	0,000000E+0	19,562366E+0	30,000000E+0	0,000000E+0
29,200000E+0	0,000000E+0	18,925806E+0	30,000000E+0	0,000000E+0
29,300000E+0	0,000000E+0	19,459140E+0	30,000000E+0	0,000000E+0
29,400000E+0	0,000000E+0	19,390323E+0	30,000000E+0	0,000000E+0
29,500000E+0	0,000000E+0	19,373118E+0	30,000000E+0	0,000000E+0
29,600000E+0	0,000000E+0	20,009677E+0	30,000000E+0	0,000000E+0
29,700000E+0	0,000000E+0	19,097849E+0	30,000000E+0	0,000000E+0
29,800000E+0	0,000000E+0	19,613978E+0	30,000000E+0	0,000000E+0
29,900000E+0	0,000000E+0	19,235484E+0	30,000000E+0	0,000000E+0
30,000000E+0	0,000000E+0	19,717204E+0	30,000000E+0	0,000000E+0
30,100000E+0	0,000000E+0	19,424731E+0	30,000000E+0	0,000000E+0
30,200000E+0	0,000000E+0	19,476344E+0	30,000000E+0	0,000000E+0
30,300000E+0	0,000000E+0	19,751613E+0	30,000000E+0	0,000000E+0
30,400000E+0	0,000000E+0	19,252688E+0	30,000000E+0	0,000000E+0
30,500000E+0	0,000000E+0	19,579570E+0	30,000000E+0	0,000000E+0
30,600000E+0	0,000000E+0	19,682796E+0	30,000000E+0	0,000000E+0
30,700000E+0	0,000000E+0	19,648387E+0	30,000000E+0	0,000000E+0
30,800000E+0	0,000000E+0	18,977419E+0	30,000000E+0	0,000000E+0
30,900000E+0	0,000000E+0	19,338710E+0	30,000000E+0	0,000000E+0
31,000000E+0	0,000000E+0	19,287097E+0	30,000000E+0	0,000000E+0
31,100000E+0	0,000000E+0	19,201075E+0	30,000000E+0	0,000000E+0
31,200000E+0	0,000000E+0	19,562366E+0	30,000000E+0	0,000000E+0
31,300000E+0	0,000000E+0	19,579570E+0	30,000000E+0	0,000000E+0
31,400000E+0	0,000000E+0	19,321505E+0	30,000000E+0	0,000000E+0
31,500000E+0	0,000000E+0	19,493548E+0	30,000000E+0	0,000000E+0
31,600000E+0	0,000000E+0	19,682796E+0	30,000000E+0	0,000000E+0
31,700000E+0	0,000000E+0	19,493548E+0	30,000000E+0	0,000000E+0
31,800000E+0	0,000000E+0	19,648387E+0	30,000000E+0	0,000000E+0
31,900000E+0	0,000000E+0	19,218280E+0	30,000000E+0	0,000000E+0
32,000000E+0	0,000000E+0	19,562366E+0	30,000000E+0	0,000000E+0
32,100000E+0	0,000000E+0	19,304301E+0	30,000000E+0	0,000000E+0
32,200000E+0	0,000000E+0	19,510753E+0	30,000000E+0	0,000000E+0
32,300000E+0	0,000000E+0	19,321505E+0	30,000000E+0	0,000000E+0
32,400000E+0	0,000000E+0	19,459140E+0	30,000000E+0	0,000000E+0
32,500000E+0	0,000000E+0	19,665591E+0	30,000000E+0	0,000000E+0
32,600000E+0	0,000000E+0	19,459140E+0	30,000000E+0	0,000000E+0
32,700000E+0	0,000000E+0	19,304301E+0	30,000000E+0	0,000000E+0
32,800000E+0	0,000000E+0	19,631183E+0	30,000000E+0	0,000000E+0
32,900000E+0	0,000000E+0	19,872043E+0	30,000000E+0	0,000000E+0
33,000000E+0	0,000000E+0	19,493548E+0	30,000000E+0	0,000000E+0
33,100000E+0	0,000000E+0	19,441935E+0	30,000000E+0	0,000000E+0
33,200000E+0	0,000000E+0	19,287097E+0	30,000000E+0	0,000000E+0
33,300000E+0	0,000000E+0	19,768817E+0	30,000000E+0	0,000000E+0
33,400000E+0	0,000000E+0	19,373118E+0	30,000000E+0	0,000000E+0
33,500000E+0	0,000000E+0	19,545161E+0	30,000000E+0	0,000000E+0
33,600000E+0	0,000000E+0	19,304301E+0	30,000000E+0	0,000000E+0
33,700000E+0	0,000000E+0	19,648387E+0	30,000000E+0	0,000000E+0
33,800000E+0	0,000000E+0	18,753763E+0	30,000000E+0	0,000000E+0
33,900000E+0	0,000000E+0	19,958065E+0	30,000000E+0	0,000000E+0
34,000000E+0	0,000000E+0	19,940860E+0	30,000000E+0	0,000000E+0
34,100000E+0	0,000000E+0	18,891398E+0	30,000000E+0	0,000000E+0
34,200000E+0	0,000000E+0	19,751613E+0	30,000000E+0	0,000000E+0
34,300000E+0	0,000000E+0	19,183871E+0	30,000000E+0	0,000000E+0
34,400000E+0	0,000000E+0	19,786022E+0	30,000000E+0	0,000000E+0
34,500000E+0	0,000000E+0	19,579570E+0	30,000000E+0	0,000000E+0
34,600000E+0	0,000000E+0	19,459140E+0	30,000000E+0	0,000000E+0
34,700000E+0	0,000000E+0	19,527957E+0	30,000000E+0	0,000000E+0
34,800000E+0	0,000000E+0	19,648387E+0	30,000000E+0	0,000000E+0
34,900000E+0	0,000000E+0	19,321505E+0	30,000000E+0	0,000000E+0
35,000000E+0	0,000000E+0	19,407527E+0	30,000000E+0	0,000000E+0
35,100000E+0	0,000000E+0	19,613978E+0	30,000000E+0	0,000000E+0
35,200000E+0	0,000000E+0	19,631183E+0	30,000000E+0	0,000000E+0
35,300000E+0	0,000000E+0	19,269892E+0	30,000000E+0	0,000000E+0
35,400000E+0	0,000000E+0	19,476344E+0	30,000000E+0	0,000000E+0
35,500000E+0	0,000000E+0	19,751613E+0	30,000000E+0	0,000000E+0
35,600000E+0	0,000000E+0	19,751613E+0	30,000000E+0	0,000000E+0
35,700000E+0	0,000000E+0	19,235484E+0	30,000000E+0	0,000000E+0
35,800000E+0	0,000000E+0	19,648387E+0	30,000000E+0	0,000000E+0
35,900000E+0	0,000000E+0	19,562366E+0	30,000000E+0	0,000000E+0
36,000000E+0	0,000000E+0	19,441935E+0	30,000000E+0	0,000000E+0
36,100000E+0	0,000000E+0	19,837634E+0	30,000000E+0	0,000000E+0
36,200000E+0	0,000000E+0	19,063441E+0	30,000000E+0	0,000000E+0
36,300000E+0	0,000000E+0	19,837634E+0	30,000000E+0	0,000000E+0
36,400000E+0	0,000000E+0	19,390323E+0	30,000000E+0	0,000000E+0
36,500000E+0	0,000000E+0	19,252688E+0	30,000000E+0	0,000000E+0
36,600000E+0	0,000000E+0	19,700000E+0	30,000000E+0	0,000000E+0
36,700000E+0	0,000000E+0	19,183871E+0	30,000000E+0	0,000000E+0
36,800000E+0	0,000000E+0	19,786022E+0	30,000000E+0	0,000000E+0
36,900000E+0	0,000000E+0	19,768817E+0	30,000000E+0	0,000000E+0
37,000000E+0	0,000000E+0	19,613978E+0	30,000000E+0	0,000000E+0
37,100000E+0	0,000000E+0	19,441935E+0	30,000000E+0	0,000000E+0
37,200000E+0	0,000000E+0	19,304301E+0	30,000000E+0	0,000000E+0
37,300000E+0	0,000000E+0	19,820430E+0	30,000000E+0	0,000000E+0
37,400000E+0	0,000000E+0	19,115054E+0	30,000000E+0	0,000000E+0
37,500000E+0	0,000000E+0	19,613978E+0	30,000000E+0	0,000000E+0
37,600000E+0	0,000000E+0	19,837634E+0	30,000000E+0	0,000000E+0
37,700000E+0	0,000000E+0	19,665591E+0	30,000000E+0	0,000000E+0
37,800000E+0	0,000000E+0	19,751613E+0	30,000000E+0	0,000000E+0
37,900000E+0	0,000000E+0	19,097849E+0	30,000000E+0	0,000000E+0
38,000000E+0	0,000000E+0	19,786022E+0	30,000000E+0	0,000000E+0
38,100000E+0	0,000000E+0	19,132258E+0	30,000000E+0	0,000000E+0
38,200000E+0	0,000000E+0	19,682796E+0	30,000000E+0	0,000000E+0
38,300000E+0	0,000000E+0	20,009677E+0	30,000000E+0	0,000000E+0
38,400000E+0	0,000000E+0	19,218280E+0	30,000000E+0	0,000000E+0
38,500000E+0	0,000000E+0	19,786022E+0	30,000000E+0	0,000000E+0
38,600000E+0	0,000000E+0	19,648387E+0	30,000000E+0	0,000000E+0
38,700000E+0	0,000000E+0	19,011828E+0	30,000000E+0	0,000000E+0
38,800000E+0	0,000000E+0	20,026882E+0	30,000000E+0	0,000000E+0
38,900000E+0	0,000000E+0	19,373118E+0	30,000000E+0	0,000000E+0
39,000000E+0	0,000000E+0	19,648387E+0	30,000000E+0	0,000000E+0
39,100000E+0	0,000000E+0	19,596774E+0	30,000000E+0	0,000000E+0
39,200000E+0	0,000000E+0	19,665591E+0	30,000000E+0	0,000000E+0
39,300000E+0	0,000000E+0	19,579570E+0	30,000000E+0	0,000000E+0
39,400000E+0	0,000000E+0	19,493548E+0	30,000000E+0	0,000000E+0
39,500000E+0	0,000000E+0	19,132258E+0	30,000000E+0	0,000000E+0
39,600000E+0	0,000000E+0	19,923656E+0	30,000000E+0	0,000000E+0
39,700000E+0	0,000000E+0	19,545161E+0	30,000000E+0	0,000000E+0
39,800000E+0	0,000000E+0	19,631183E+0	30,000000E+0	0,000000E+0
39,900000E+0	0,000000E+0	19,373118E+0	30,000000E+0	0,000000E+0
40,000000E+0	0,000000E+0	20,353763E+0	30,000000E+0	0,000000E+0
40,100000E+0	0,000000E+0	19,390323E+0	30,000000E+0	0,000000E+0
40,200000E+0	0,000000E+0	19,682796E+0	30,000000E+0	0,000000E+0
40,300000E+0	0,000000E+0	19,304301E+0	30,000000E+0	0,000000E+0
40,400000E+0	0,000000E+0	19,459140E+0	30,000000E+0	0,000000E+0
40,500000E+0	0,000000E+0	19,682796E+0	30,000000E+0	0,000000E+0
40,600000E+0	0,000000E+0	19,373118E+0	30,000000E+0	0,000000E+0
40,700000E+0	0,000000E+0	19,510753E+0	30,000000E+0	0,000000E+0
40,800000E+0	0,000000E+0	19,889247E+0	30,000000E+0	0,000000E+0
40,900000E+0	0,000000E+0	19,441935E+0	30,000000E+0	0,000000E+0
41,000000E+0	0,000000E+0	19,476344E+0	30,000000E+0	0,000000E+0
41,100000E+0	0,000000E+0	19,252688E+0	30,000000E+0	0,000000E+0
41,200000E+0	0,000000E+0	19,837634E+0	30,000000E+0	0,000000E+0
41,300000E+0	0,000000E+0	19,390323E+0	30,000000E+0	0,000000E+0
41,400000E+0	0,000000E+0	20,009677E+0	30,000000E+0	0,000000E+0
41,500000E+0	0,000000E+0	19,545161E+0	30,000000E+0	0,000000E+0
41,600000E+0	0,000000E+0	19,287097E+0	30,000000E+0	0,000000E+0
41,700000E+0	0,000000E+0	20,216129E+0	30,000000E+0	0,000000E+0
41,800000E+0	0,000000E+0	19,803226E+0	30,000000E+0	0,000000E+0
41,900000E+0	0,000000E+0	19,459140E+0	30,000000E+0	0,000000E+0
42,000000E+0	0,000000E+0	19,803226E+0	30,000000E+0	0,000000E+0
42,100000E+0	0,000000E+0	19,786022E+0	30,000000E+0	0,000000E+0
42,200000E+0	0,000000E+0	19,390323E+0	30,000000E+0	0,000000E+0
42,300000E+0	0,000000E+0	19,407527E+0	30,000000E+0	0,000000E+0
42,400000E+0	0,000000E+0	19,717204E+0	30,000000E+0	0,000000E+0
42,500000E+0	0,000000E+0	19,562366E+0	30,000000E+0	0,000000E+0
42,600000E+0	0,000000E+0	19,872043E+0	30,000000E+0	0,000000E+0
42,700000E+0	0,000000E+0	19,373118E+0	30,000000E+0	0,000000E+0
42,800000E+0	0,000000E+0	19,700000E+0	30,000000E+0	0,000000E+0
42,900000E+0	0,000000E+0	19,373118E+0	30,000000E+0	0,000000E+0
43,000000E+0	0,000000E+0	19,717204E+0	30,000000E+0	0,000000E+0
43,100000E+0	0,000000E+0	19,682796E+0	30,000000E+0	0,000000E+0
43,200000E+0	0,000000E+0	19,820430E+0	30,000000E+0	0,000000E+0
43,300000E+0	0,000000E+0	19,527957E+0	30,000000E+0	0,000000E+0
43,400000E+0	0,000000E+0	19,734409E+0	30,000000E+0	0,000000E+0
43,500000E+0	0,000000E+0	19,958065E+0	30,000000E+0	0,000000E+0
43,600000E+0	0,000000E+0	19,682796E+0	30,000000E+0	0,000000E+0
43,700000E+0	0,000000E+0	19,355914E+0	30,000000E+0	0,000000E+0
43,800000E+0	0,000000E+0	19,596774E+0	30,000000E+0	0,000000E+0
43,900000E+0	0,000000E+0	19,837634E+0	30,000000E+0	0,000000E+0
44,000000E+0	0,000000E+0	19,321505E+0	30,000000E+0	0,000000E+0
44,100000E+0	0,000000E+0	19,579570E+0	30,000000E+0	0,000000E+0
44,200000E+0	0,000000E+0	19,613978E+0	30,000000E+0	0,000000E+0
44,300000E+0	0,000000E+0	19,407527E+0	30,000000E+0	0,000000E+0
44,400000E+0	0,000000E+0	19,252688E+0	30,000000E+0	0,000000E+0
44,500000E+0	0,000000E+0	19,700000E+0	30,000000E+0	0,000000E+0
44,600000E+0	0,000000E+0	19,803226E+0	30,000000E+0	0,000000E+0
44,700000E+0	0,000000E+0	19,510753E+0	30,000000E+0	0,000000E+0
44,800000E+0	0,000000E+0	19,562366E+0	30,000000E+0	0,000000E+0
44,900000E+0	0,000000E+0	19,786022E+0	30,000000E+0	0,000000E+0
45,000000E+0	0,000000E+0	19,786022E+0	30,000000E+0	0,000000E+0
45,100000E+0	0,000000E+0	19,373118E+0	30,000000E+0	0,000000E+0
45,200000E+0	0,000000E+0	19,562366E+0	30,000000E+0	0,000000E+0
45,300000E+0	0,000000E+0	19,872043E+0	30,000000E+0	0,000000E+0
45,400000E+0	0,000000E+0	19,510753E+0	30,000000E+0	0,000000E+0
45,500000E+0	0,000000E+0	19,063441E+0	30,000000E+0	0,000000E+0
45,600000E+0	0,000000E+0	19,820430E+0	30,000000E+0	0,000000E+0
45,700000E+0	0,000000E+0	19,596774E+0	30,000000E+0	0,000000E+0
45,800000E+0	0,000000E+0	19,493548E+0	30,000000E+0	0,000000E+0
45,900000E+0	0,000000E+0	19,665591E+0	30,000000E+0	0,000000E+0
46,000000E+0	0,000000E+0	19,631183E+0	30,000000E+0	0,000000E+0
46,100000E+0	0,000000E+0	19,373118E+0	30,000000E+0	0,000000E+0
46,200000E+0	0,000000E+0	19,768817E+0	30,000000E+0	0,000000E+0
46,300000E+0	0,000000E+0	19,545161E+0	30,000000E+0	0,000000E+0
46,400000E+0	0,000000E+0	19,373118E+0	30,000000E+0	0,000000E+0
46,500000E+0	0,000000E+0	19,373118E+0	30,000000E+0	0,000000E+0
46,600000E+0	0,000000E+0	19,751613E+0	30,000000E+0	0,000000E+0
46,700000E+0	0,000000E+0	19,545161E+0	30,000000E+0	0,000000E+0
46,800000E+0	0,000000E+0	19,407527E+0	30,000000E+0	0,000000E+0
46,900000E+0	0,000000E+0	19,459140E+0	30,000000E+0	0,000000E+0
47,000000E+0	0,000000E+0	19,906452E+0	30,000000E+0	0,000000E+0
47,100000E+0	0,000000E+0	19,493548E+0	30,000000E+0	0,000000E+0
47,200000E+0	0,000000E+0	19,029032E+0	30,000000E+0	0,000000E+0
47,300000E+0	0,000000E+0	19,407527E+0	30,000000E+0	0,000000E+0
47,400000E+0	0,000000E+0	19,889247E+0	30,000000E+0	0,000000E+0
47,500000E+0	0,000000E+0	19,338710E+0	30,000000E+0	0,000000E+0
47,600000E+0	0,000000E+0	19,338710E+0	30,000000E+0	0,000000E+0
47,700000E+0	0,000000E+0	19,579570E+0	30,000000E+0	0,000000E+0
47,800000E+0	0,000000E+0	19,269892E+0	30,000000E+0	0,000000E+0
47,900000E+0	0,000000E+0	19,441935E+0	30,000000E+0	0,000000E+0
48,000000E+0	0,000000E+0	19,596774E+0	30,000000E+0	0,000000E+0
48,100000E+0	0,000000E+0	19,872043E+0	30,000000E+0	0,000000E+0
48,200000E+0	0,000000E+0	19,476344E+0	30,000000E+0	0,000000E+0
48,300000E+0	0,000000E+0	19,390323E+0	30,000000E+0	0,000000E+0
48,400000E+0	0,000000E+0	19,407527E+0	30,000000E+0	0,000000E+0
48,500000E+0	0,000000E+0	19,803226E+0	30,000000E+0	0,000000E+0
48,600000E+0	0,000000E+0	19,407527E+0	30,000000E+0	0,000000E+0
48,700000E+0	0,000000E+0	19,527957E+0	30,000000E+0	0,000000E+0
48,800000E+0	0,000000E+0	19,373118E+0	30,000000E+0	0,000000E+0
48,900000E+0	0,000000E+0	19,338710E+0	30,000000E+0	0,000000E+0
49,000000E+0	0,000000E+0	19,700000E+0	30,000000E+0	0,000000E+0
49,100000E+0	0,000000E+0	19,854839E+0	30,000000E+0	0,000000E+0
49,200000E+0	0,000000E+0	19,287097E+0	30,000000E+0	0,000000E+0
49,300000E+0	0,000000E+0	19,252688E+0	30,000000E+0	0,000000E+0
49,400000E+0	0,000000E+0	19,786022E+0	30,000000E+0	0,000000E+0
49,500000E+0	0,000000E+0	19,476344E+0	30,000000E+0	0,000000E+0
49,600000E+0	0,000000E+0	19,218280E+0	30,000000E+0	0,000000E+0
49,700000E+0	0,000000E+0	19,768817E+0	30,000000E+0	0,000000E+0
49,800000E+0	0,000000E+0	19,218280E+0	30,000000E+0	0,000000E+0
49,900000E+0	0,000000E+0	19,889247E+0	30,000000E+0	0,000000E+0
50,000000E+0	0,000000E+0	19,441935E+0	30,000000E+0	0,000000E+0
50,100000E+0	0,000000E+0	19,166667E+0	30,000000E+0	0,000000E+0
50,200000E+0	0,000000E+0	19,562366E+0	30,000000E+0	0,000000E+0
50,300000E+0	0,000000E+0	19,132258E+0	30,000000E+0	0,000000E+0
50,400000E+0	0,000000E+0	19,407527E+0	30,000000E+0	0,000000E+0
50,500000E+0	0,000000E+0	19,734409E+0	30,000000E+0	0,000000E+0
50,600000E+0	0,000000E+0	19,493548E+0	30,000000E+0	0,000000E+0
50,700000E+0	0,000000E+0	19,287097E+0	30,000000E+0	0,000000E+0
50,800000E+0	0,000000E+0	19,734409E+0	30,000000E+0	0,000000E+0
50,900000E+0	0,000000E+0	19,734409E+0	30,000000E+0	0,000000E+0
51,000000E+0	0,000000E+0	19,355914E+0	30,000000E+0	0,000000E+0
51,100000E+0	0,000000E+0	19,527957E+0	30,000000E+0	0,000000E+0
51,200000E+0	0,000000E+0	19,407527E+0	30,000000E+0	0,000000E+0
51,300000E+0	0,000000E+0	19,717204E+0	30,000000E+0	0,000000E+0
51,400000E+0	0,000000E+0	19,321505E+0	30,000000E+0	0,000000E+0
51,500000E+0	0,000000E+0	19,665591E+0	30,000000E+0	0,000000E+0
51,600000E+0	0,000000E+0	19,751613E+0	30,000000E+0	0,000000E+0
51,700000E+0	0,000000E+0	19,097849E+0	30,000000E+0	0,000000E+0
51,800000E+0	0,000000E+0	19,476344E+0	30,000000E+0	0,000000E+0
51,900000E+0	0,000000E+0	19,596774E+0	30,000000E+0	0,000000E+0
52,000000E+0	0,000000E+0	19,700000E+0	30,000000E+0	0,000000E+0
52,100000E+0	0,000000E+0	19,527957E+0	30,000000E+0	0,000000E+0
52,200000E+0	0,000000E+0	19,115054E+0	30,000000E+0	0,000000E+0
52,300000E+0	0,000000E+0	19,493548E+0	30,000000E+0	0,000000E+0
52,400000E+0	0,000000E+0	19,269892E+0	30,000000E+0	0,000000E+0
52,500000E+0	0,000000E+0	19,510753E+0	30,000000E+0	0,000000E+0
52,600000E+0	0,000000E+0	19,407527E+0	30,000000E+0	0,000000E+0
52,700000E+0	0,000000E+0	19,786022E+0	30,000000E+0	0,000000E+0
52,800000E+0	0,000000E+0	19,269892E+0	30,000000E+0	0,000000E+0
52,900000E+0	0,000000E+0	19,235484E+0	30,000000E+0	0,000000E+0
53,000000E+0	0,000000E+0	19,682796E+0	30,000000E+0	0,000000E+0
53,100000E+0	0,000000E+0	19,579570E+0	30,000000E+0	0,000000E+0
53,200000E+0	0,000000E+0	19,097849E+0	30,000000E+0	0,000000E+0
53,300000E+0	0,000000E+0	19,768817E+0	30,000000E+0	0,000000E+0
53,400000E+0	0,000000E+0	19,355914E+0	30,000000E+0	0,000000E+0
53,500000E+0	0,000000E+0	19,097849E+0	30,000000E+0	0,000000E+0
53,600000E+0	0,000000E+0	19,837634E+0	30,000000E+0	0,000000E+0
53,700000E+0	0,000000E+0	19,631183E+0	30,000000E+0	0,000000E+0
53,800000E+0	0,000000E+0	19,252688E+0	30,000000E+0	0,000000E+0
53,900000E+0	0,000000E+0	19,235484E+0	30,000000E+0	0,000000E+0
54,000000E+0	0,000000E+0	19,527957E+0	30,000000E+0	0,000000E+0
54,100000E+0	0,000000E+0	19,373118E+0	30,000000E+0	0,000000E+0
54,200000E+0	0,000000E+0	19,527957E+0	30,000000E+0	0,000000E+0
54,300000E+0	0,000000E+0	19,390323E+0	30,000000E+0	0,000000E+0
54,400000E+0	0,000000E+0	19,682796E+0	30,000000E+0	0,000000E+0
54,500000E+0	0,000000E+0	19,631183E+0	30,000000E+0	0,000000E+0
54,600000E+0	0,000000E+0	19,201075E+0	30,000000E+0	0,000000E+0
54,700000E+0	0,000000E+0	19,527957E+0	30,000000E+0	0,000000E+0
54,800000E+0	0,000000E+0	19,579570E+0	30,000000E+0	0,000000E+0
54,900000E+0	0,000000E+0	18,994624E+0	30,000000E+0	0,000000E+0
55,000000E+0	0,000000E+0	19,682796E+0	30,000000E+0	0,000000E+0
55,100000E+0	0,000000E+0	19,682796E+0	30,000000E+0	0,000000E+0
55,200000E+0	0,000000E+0	19,441935E+0	30,000000E+0	0,000000E+0
55,300000E+0	0,000000E+0	19,441935E+0	30,000000E+0	0,000000E+0
55,400000E+0	0,000000E+0	19,545161E+0	30,000000E+0	0,000000E+0
55,500000E+0	0,000000E+0	19,321505E+0	30,000000E+0	0,000000E+0
55,600000E+0	0,000000E+0	19,338710E+0	30,000000E+0	0,000000E+0
55,700000E+0	0,000000E+0	19,407527E+0	30,000000E+0	0,000000E+0
55,800000E+0	0,000000E+0	19,648387E+0	30,000000E+0	0,000000E+0
55,900000E+0	0,000000E+0	19,665591E+0	30,000000E+0	0,000000E+0
56,000000E+0	0,000000E+0	19,063441E+0	30,000000E+0	0,000000E+0
56,100000E+0	0,000000E+0	19,596774E+0	30,000000E+0	0,000000E+0
56,200000E+0	0,000000E+0	19,682796E+0	30,000000E+0	0,000000E+0
56,300000E+0	0,000000E+0	19,373118E+0	30,000000E+0	0,000000E+0
56,400000E+0	0,000000E+0	19,373118E+0	30,000000E+0	0,000000E+0
56,500000E+0	0,000000E+0	19,407527E+0	30,000000E+0	0,000000E+0
56,600000E+0	0,000000E+0	19,373118E+0	30,000000E+0	0,000000E+0
56,700000E+0	0,000000E+0	19,407527E+0	30,000000E+0	0,000000E+0
56,800000E+0	0,000000E+0	20,233333E+0	30,000000E+0	0,000000E+0
56,900000E+0	0,000000E+0	18,994624E+0	30,000000E+0	0,000000E+0
57,000000E+0	0,000000E+0	19,149462E+0	30,000000E+0	0,000000E+0
57,100000E+0	0,000000E+0	19,820430E+0	30,000000E+0	0,000000E+0
57,200000E+0	0,000000E+0	19,682796E+0	30,000000E+0	0,000000E+0
57,300000E+0	0,000000E+0	19,700000E+0	30,000000E+0	0,000000E+0
57,400000E+0	0,000000E+0	19,166667E+0	30,000000E+0	0,000000E+0
57,500000E+0	0,000000E+0	19,476344E+0	30,000000E+0	0,000000E+0
57,600000E+0	0,000000E+0	19,373118E+0	30,000000E+0	0,000000E+0
57,700000E+0	0,000000E+0	19,046237E+0	30,000000E+0	0,000000E+0
57,800000E+0	0,000000E+0	19,700000E+0	30,000000E+0	0,000000E+0
57,900000E+0	0,000000E+0	19,596774E+0	30,000000E+0	0,000000E+0
58,000000E+0	0,000000E+0	19,029032E+0	30,000000E+0	0,000000E+0
58,100000E+0	0,000000E+0	19,510753E+0	30,000000E+0	0,000000E+0
58,200000E+0	0,000000E+0	19,218280E+0	30,000000E+0	0,000000E+0
58,300000E+0	0,000000E+0	19,476344E+0	30,000000E+0	0,000000E+0
58,400000E+0	0,000000E+0	19,510753E+0	30,000000E+0	0,000000E+0
58,500000E+0	0,000000E+0	19,235484E+0	30,000000E+0	0,000000E+0
58,600000E+0	0,000000E+0	19,338710E+0	30,000000E+0	0,000000E+0
58,700000E+0	0,000000E+0	19,373118E+0	30,000000E+0	0,000000E+0
58,800000E+0	0,000000E+0	19,562366E+0	30,000000E+0	0,000000E+0
58,900000E+0	0,000000E+0	19,510753E+0	30,000000E+0	0,000000E+0
59,000000E+0	0,000000E+0	19,545161E+0	30,000000E+0	0,000000E+0
59,100000E+0	0,000000E+0	19,424731E+0	30,000000E+0	0,000000E+0
59,200000E+0	0,000000E+0	18,891398E+0	30,000000E+0	0,000000E+0
59,300000E+0	0,000000E+0	19,906452E+0	30,000000E+0	0,000000E+0
59,400000E+0	0,000000E+0	19,476344E+0	30,000000E+0	0,000000E+0
59,500000E+0	0,000000E+0	19,218280E+0	30,000000E+0	0,000000E+0
59,600000E+0	0,000000E+0	19,459140E+0	30,000000E+0	0,000000E+0
59,700000E+0	0,000000E+0	19,493548E+0	30,000000E+0	0,000000E+0
59,800000E+0	0,000000E+0	19,407527E+0	30,000000E+0	0,000000E+0
59,900000E+0	0,000000E+0	19,235484E+0	30,000000E+0	0,000000E+0
60,000000E+0	0,000000E+0	19,407527E+0	30,000000E+0	0,000000E+0
60,100000E+0	0,000000E+0	19,441935E+0	30,000000E+0	0,000000E+0
60,200000E+0	0,000000E+0	19,269892E+0	30,000000E+0	0,000000E+0
60,300000E+0	0,000000E+0	19,837634E+0	30,000000E+0	0,000000E+0
60,400000E+0	0,000000E+0	19,355914E+0	30,000000E+0	0,000000E+0
60,500000E+0	0,000000E+0	19,201075E+0	30,000000E+0	0,000000E+0
60,600000E+0	0,000000E+0	19,321505E+0	30,000000E+0	0,000000E+0
60,700000E+0	0,000000E+0	19,613978E+0	30,000000E+0	0,000000E+0
60,800000E+0	0,000000E+0	19,132258E+0	30,000000E+0	0,000000E+0
60,900000E+0	0,000000E+0	19,080645E+0	30,000000E+0	0,000000E+0
61,000000E+0	0,000000E+0	19,493548E+0	30,000000E+0	0,000000E+0
61,100000E+0	0,000000E+0	19,596774E+0	30,000000E+0	0,000000E+0
61,200000E+0	0,000000E+0	19,080645E+0	30,000000E+0	0,000000E+0
61,300000E+0	0,000000E+0	19,579570E+0	30,000000E+0	0,000000E+0
61,400000E+0	0,000000E+0	19,373118E+0	30,000000E+0	0,000000E+0
61,500000E+0	0,000000E+0	19,872043E+0	30,000000E+0	0,000000E+0
61,600000E+0	0,000000E+0	19,235484E+0	30,000000E+0	0,000000E+0
61,700000E+0	0,000000E+0	20,130108E+0	30,000000E+0	0,000000E+0
61,800000E+0	0,000000E+0	19,527957E+0	30,000000E+0	0,000000E+0
61,900000E+0	0,000000E+0	19,407527E+0	30,000000E+0	0,000000E+0
62,000000E+0	0,000000E+0	19,373118E+0	30,000000E+0	0,000000E+0
62,100000E+0	0,000000E+0	19,717204E+0	30,000000E+0	0,000000E+0
62,200000E+0	0,000000E+0	19,269892E+0	30,000000E+0	0,000000E+0
62,300000E+0	0,000000E+0	19,390323E+0	30,000000E+0	0,000000E+0
62,400000E+0	0,000000E+0	19,493548E+0	30,000000E+0	0,000000E+0
62,500000E+0	0,000000E+0	19,854839E+0	30,000000E+0	0,000000E+0
62,600000E+0	0,000000E+0	19,459140E+0	30,000000E+0	0,000000E+0
62,700000E+0	0,000000E+0	19,424731E+0	30,000000E+0	0,000000E+0
62,800000E+0	0,000000E+0	19,338710E+0	30,000000E+0	0,000000E+0
62,900000E+0	0,000000E+0	19,493548E+0	30,000000E+0	0,000000E+0
63,000000E+0	0,000000E+0	19,115054E+0	30,000000E+0	0,000000E+0
63,100000E+0	0,000000E+0	19,407527E+0	30,000000E+0	0,000000E+0
63,200000E+0	0,000000E+0	19,424731E+0	30,000000E+0	0,000000E+0
63,300000E+0	0,000000E+0	18,908602E+0	30,000000E+0	0,000000E+0
63,400000E+0	0,000000E+0	19,287097E+0	30,000000E+0	0,000000E+0
63,500000E+0	0,000000E+0	19,476344E+0	30,000000E+0	0,000000E+0
63,600000E+0	0,000000E+0	19,355914E+0	30,000000E+0	0,000000E+0
63,700000E+0	0,000000E+0	19,459140E+0	30,000000E+0	0,000000E+0
63,800000E+0	0,000000E+0	19,459140E+0	30,000000E+0	0,000000E+0
63,900000E+0	0,000000E+0	19,648387E+0	30,000000E+0	0,000000E+0
64,000000E+0	0,000000E+0	19,132258E+0	30,000000E+0	0,000000E+0
64,100000E+0	0,000000E+0	19,562366E+0	30,000000E+0	0,000000E+0
64,200000E+0	0,000000E+0	19,390323E+0	30,000000E+0	0,000000E+0
64,300000E+0	0,000000E+0	19,476344E+0	30,000000E+0	0,000000E+0
64,400000E+0	0,000000E+0	18,977419E+0	30,000000E+0	0,000000E+0
64,500000E+0	0,000000E+0	19,717204E+0	30,000000E+0	0,000000E+0
64,600000E+0	0,000000E+0	19,235484E+0	30,000000E+0	0,000000E+0
64,700000E+0	0,000000E+0	19,476344E+0	30,000000E+0	0,000000E+0
64,800000E+0	0,000000E+0	19,218280E+0	30,000000E+0	0,000000E+0
64,900000E+0	0,000000E+0	19,355914E+0	30,000000E+0	0,000000E+0
65,000000E+0	0,000000E+0	19,682796E+0	30,000000E+0	0,000000E+0
65,100000E+0	0,000000E+0	19,424731E+0	30,000000E+0	0,000000E+0
65,200000E+0	0,000000E+0	19,235484E+0	30,000000E+0	0,000000E+0
65,300000E+0	0,000000E+0	19,613978E+0	30,000000E+0	0,000000E+0
65,400000E+0	0,000000E+0	19,321505E+0	30,000000E+0	0,000000E+0
65,500000E+0	0,000000E+0	19,252688E+0	30,000000E+0	0,000000E+0
65,600000E+0	0,000000E+0	19,510753E+0	30,000000E+0	0,000000E+0
65,700000E+0	0,000000E+0	19,510753E+0	30,000000E+0	0,000000E+0
65,800000E+0	0,000000E+0	19,097849E+0	30,000000E+0	0,000000E+0
65,900000E+0	0,000000E+0	19,269892E+0	30,000000E+0	0,000000E+0
66,000000E+0	0,000000E+0	19,390323E+0	30,000000E+0	0,000000E+0
66,100000E+0	0,000000E+0	19,321505E+0	30,000000E+0	0,000000E+0
66,200000E+0	0,000000E+0	18,977419E+0	30,000000E+0	0,000000E+0
66,300000E+0	0,000000E+0	19,631183E+0	30,000000E+0	0,000000E+0
66,400000E+0	0,000000E+0	19,441935E+0	30,000000E+0	0,000000E+0
66,500000E+0	0,000000E+0	18,874194E+0	30,000000E+0	0,000000E+0
66,600000E+0	0,000000E+0	19,407527E+0	30,000000E+0	0,000000E+0
66,700000E+0	0,000000E+0	19,906452E+0	30,000000E+0	0,000000E+0
66,800000E+0	0,000000E+0	19,269892E+0	30,000000E+0	0,000000E+0
66,900000E+0	0,000000E+0	19,390323E+0	30,000000E+0	0,000000E+0
67,000000E+0	0,000000E+0	19,338710E+0	30,000000E+0	0,000000E+0
67,100000E+0	0,000000E+0	19,596774E+0	30,000000E+0	0,000000E+0
67,200000E+0	0,000000E+0	18,977419E+0	30,000000E+0	0,000000E+0
67,300000E+0	0,000000E+0	19,029032E+0	30,000000E+0	0,000000E+0
67,400000E+0	0,000000E+0	19,751613E+0	30,000000E+0	0,000000E+0
67,500000E+0	0,000000E+0	18,994624E+0	30,000000E+0	0,000000E+0
67,600000E+0	0,000000E+0	19,183871E+0	30,000000E+0	0,000000E+0
67,700000E+0	0,000000E+0	19,510753E+0	30,000000E+0	0,000000E+0
67,800000E+0	0,000000E+0	19,476344E+0	30,000000E+0	0,000000E+0
67,900000E+0	0,000000E+0	19,390323E+0	30,000000E+0	0,000000E+0
68,000000E+0	0,000000E+0	19,510753E+0	30,000000E+0	0,000000E+0
68,100000E+0	0,000000E+0	18,994624E+0	30,000000E+0	0,000000E+0
68,200000E+0	0,000000E+0	20,009677E+0	30,000000E+0	0,000000E+0
68,300000E+0	0,000000E+0	18,684946E+0	30,000000E+0	0,000000E+0
68,400000E+0	0,000000E+0	19,751613E+0	30,000000E+0	0,000000E+0
68,500000E+0	0,000000E+0	19,459140E+0	30,000000E+0	0,000000E+0
68,600000E+0	0,000000E+0	19,235484E+0	30,000000E+0	0,000000E+0
68,700000E+0	0,000000E+0	19,235484E+0	30,000000E+0	0,000000E+0
68,800000E+0	0,000000E+0	19,459140E+0	30,000000E+0	0,000000E+0
68,900000E+0	0,000000E+0	19,304301E+0	30,000000E+0	0,000000E+0
69,000000E+0	0,000000E+0	18,856989E+0	30,000000E+0	0,000000E+0
69,100000E+0	0,000000E+0	19,407527E+0	30,000000E+0	0,000000E+0
69,200000E+0	0,000000E+0	19,803226E+0	30,000000E+0	0,000000E+0
69,300000E+0	0,000000E+0	18,856989E+0	30,000000E+0	0,000000E+0
69,400000E+0	0,000000E+0	19,218280E+0	30,000000E+0	0,000000E+0
69,500000E+0	0,000000E+0	19,648387E+0	30,000000E+0	0,000000E+0
69,600000E+0	0,000000E+0	19,527957E+0	30,000000E+0	0,000000E+0
69,700000E+0	0,000000E+0	19,218280E+0	30,000000E+0	0,000000E+0
69,800000E+0	0,000000E+0	19,510753E+0	30,000000E+0	0,000000E+0
69,900000E+0	0,000000E+0	19,252688E+0	30,000000E+0	0,000000E+0
70,000000E+0	0,000000E+0	19,441935E+0	30,000000E+0	0,000000E+0
70,100000E+0	0,000000E+0	19,080645E+0	30,000000E+0	0,000000E+0
70,200000E+0	0,000000E+0	19,648387E+0	30,000000E+0	0,000000E+0
70,300000E+0	0,000000E+0	19,218280E+0	30,000000E+0	0,000000E+0
70,400000E+0	0,000000E+0	19,373118E+0	30,000000E+0	0,000000E+0
70,500000E+0	0,000000E+0	19,424731E+0	30,000000E+0	0,000000E+0
70,600000E+0	0,000000E+0	19,235484E+0	30,000000E+0	0,000000E+0
70,700000E+0	0,000000E+0	19,097849E+0	30,000000E+0	0,000000E+0
70,800000E+0	0,000000E+0	19,218280E+0	30,000000E+0	0,000000E+0
70,900000E+0	0,000000E+0	19,355914E+0	30,000000E+0	0,000000E+0
71,000000E+0	0,000000E+0	19,218280E+0	30,000000E+0	0,000000E+0
71,100000E+0	0,000000E+0	19,269892E+0	30,000000E+0	0,000000E+0
71,200000E+0	0,000000E+0	19,493548E+0	30,000000E+0	0,000000E+0
71,300000E+0	0,000000E+0	19,235484E+0	30,000000E+0	0,000000E+0
71,400000E+0	0,000000E+0	19,768817E+0	30,000000E+0	0,000000E+0
71,500000E+0	0,000000E+0	19,717204E+0	30,000000E+0	0,000000E+0
71,600000E+0	0,000000E+0	19,304301E+0	30,000000E+0	0,000000E+0
71,700000E+0	0,000000E+0	19,476344E+0	30,000000E+0	0,000000E+0
71,800000E+0	0,000000E+0	18,994624E+0	30,000000E+0	0,000000E+0
71,900000E+0	0,000000E+0	19,613978E+0	30,000000E+0	0,000000E+0
72,000000E+0	0,000000E+0	18,960215E+0	30,000000E+0	0,000000E+0
72,100000E+0	0,000000E+0	19,545161E+0	30,000000E+0	0,000000E+0
72,200000E+0	0,000000E+0	19,269892E+0	30,000000E+0	0,000000E+0
72,300000E+0	0,000000E+0	19,441935E+0	30,000000E+0	0,000000E+0
72,400000E+0	0,000000E+0	19,562366E+0	30,000000E+0	0,000000E+0
72,500000E+0	0,000000E+0	19,029032E+0	30,000000E+0	0,000000E+0
72,600000E+0	0,000000E+0	19,768817E+0	30,000000E+0	0,000000E+0
72,700000E+0	0,000000E+0	19,321505E+0	30,000000E+0	0,000000E+0
72,800000E+0	0,000000E+0	19,080645E+0	30,000000E+0	0,000000E+0
72,900000E+0	0,000000E+0	19,355914E+0	30,000000E+0	0,000000E+0
73,000000E+0	0,000000E+0	19,613978E+0	30,000000E+0	0,000000E+0
73,100000E+0	0,000000E+0	19,097849E+0	30,000000E+0	0,000000E+0
73,200000E+0	0,000000E+0	19,355914E+0	30,000000E+0	0,000000E+0
73,300000E+0	0,000000E+0	19,665591E+0	30,000000E+0	0,000000E+0
73,400000E+0	0,000000E+0	19,115054E+0	30,000000E+0	0,000000E+0
73,500000E+0	0,000000E+0	19,510753E+0	30,000000E+0	0,000000E+0
73,600000E+0	0,000000E+0	18,805376E+0	30,000000E+0	0,000000E+0
73,700000E+0	0,000000E+0	19,201075E+0	30,000000E+0	0,000000E+0
73,800000E+0	0,000000E+0	18,960215E+0	30,000000E+0	0,000000E+0
73,900000E+0	0,000000E+0	19,149462E+0	30,000000E+0	0,000000E+0
74,000000E+0	0,000000E+0	19,613978E+0	30,000000E+0	0,000000E+0
74,100000E+0	0,000000E+0	19,149462E+0	30,000000E+0	0,000000E+0
74,200000E+0	0,000000E+0	19,786022E+0	30,000000E+0	0,000000E+0
74,300000E+0	0,000000E+0	19,097849E+0	30,000000E+0	0,000000E+0
74,400000E+0	0,000000E+0	19,355914E+0	30,000000E+0	0,000000E+0
74,500000E+0	0,000000E+0	19,218280E+0	30,000000E+0	0,000000E+0
74,600000E+0	0,000000E+0	19,407527E+0	30,000000E+0	0,000000E+0
74,700000E+0	0,000000E+0	19,613978E+0	30,000000E+0	0,000000E+0
74,800000E+0	0,000000E+0	19,355914E+0	30,000000E+0	0,000000E+0
74,900000E+0	0,000000E+0	19,287097E+0	30,000000E+0	0,000000E+0
75,000000E+0	0,000000E+0	19,493548E+0	30,000000E+0	0,000000E+0
75,100000E+0	0,000000E+0	18,788172E+0	30,000000E+0	0,000000E+0
75,200000E+0	0,000000E+0	19,613978E+0	30,000000E+0	0,000000E+0
75,300000E+0	0,000000E+0	18,891398E+0	30,000000E+0	0,000000E+0
75,400000E+0	0,000000E+0	19,407527E+0	30,000000E+0	0,000000E+0
75,500000E+0	0,000000E+0	19,235484E+0	30,000000E+0	0,000000E+0
75,600000E+0	0,000000E+0	19,269892E+0	30,000000E+0	0,000000E+0
75,700000E+0	0,000000E+0	19,149462E+0	30,000000E+0	0,000000E+0
75,800000E+0	0,000000E+0	19,562366E+0	30,000000E+0	0,000000E+0
75,900000E+0	0,000000E+0	19,355914E+0	30,000000E+0	0,000000E+0
76,000000E+0	0,000000E+0	19,097849E+0	30,000000E+0	0,000000E+0
76,100000E+0	0,000000E+0	19,441935E+0	30,000000E+0	0,000000E+0
76,200000E+0	0,000000E+0	19,407527E+0	30,000000E+0	0,000000E+0
76,300000E+0	0,000000E+0	19,097849E+0	30,000000E+0	0,000000E+0
76,400000E+0	0,000000E+0	18,874194E+0	30,000000E+0	0,000000E+0
76,500000E+0	0,000000E+0	19,390323E+0	30,000000E+0	0,000000E+0
76,600000E+0	0,000000E+0	19,527957E+0	30,000000E+0	0,000000E+0
76,700000E+0	0,000000E+0	19,252688E+0	30,000000E+0	0,000000E+0
76,800000E+0	0,000000E+0	19,545161E+0	30,000000E+0	0,000000E+0
76,900000E+0	0,000000E+0	19,407527E+0	30,000000E+0	0,000000E+0
77,000000E+0	0,000000E+0	19,355914E+0	30,000000E+0	0,000000E+0
77,100000E+0	0,000000E+0	19,097849E+0	30,000000E+0	0,000000E+0
77,200000E+0	0,000000E+0	19,046237E+0	30,000000E+0	0,000000E+0
77,300000E+0	0,000000E+0	19,029032E+0	30,000000E+0	0,000000E+0
77,400000E+0	0,000000E+0	19,080645E+0	30,000000E+0	0,000000E+0
77,500000E+0	0,000000E+0	19,269892E+0	30,000000E+0	0,000000E+0
77,600000E+0	0,000000E+0	19,235484E+0	30,000000E+0	0,000000E+0
77,700000E+0	0,000000E+0	19,080645E+0	30,000000E+0	0,000000E+0
77,800000E+0	0,000000E+0	19,201075E+0	30,000000E+0	0,000000E+0
77,900000E+0	0,000000E+0	19,355914E+0	30,000000E+0	0,000000E+0
78,000000E+0	0,000000E+0	19,321505E+0	30,000000E+0	0,000000E+0
78,100000E+0	0,000000E+0	19,441935E+0	30,000000E+0	0,000000E+0
78,200000E+0	0,000000E+0	18,856989E+0	30,000000E+0	0,000000E+0
78,300000E+0	0,000000E+0	18,891398E+0	30,000000E+0	0,000000E+0
78,400000E+0	0,000000E+0	19,562366E+0	30,000000E+0	0,000000E+0
78,500000E+0	0,000000E+0	19,201075E+0	30,000000E+0	0,000000E+0
78,600000E+0	0,000000E+0	18,994624E+0	30,000000E+0	0,000000E+0
78,700000E+0	0,000000E+0	19,269892E+0	30,000000E+0	0,000000E+0
78,800000E+0	0,000000E+0	18,753763E+0	30,000000E+0	0,000000E+0
78,900000E+0	0,000000E+0	19,252688E+0	30,000000E+0	0,000000E+0
79,000000E+0	0,000000E+0	19,424731E+0	30,000000E+0	0,000000E+0
